(setq beat-pose-dictionary '(
  (1.695 -30.2062 -2.90249 0.13501 -24.6712 0.0 0.0 0.0 0.0 86.9062 15.795 -49.68 -94.1625 0.0 0.0 0.0 0.0 0.0 16.0625)
  (2.07 -67.7025 -2.90249 0.13501 -24.3337 0.0 0.0 0.0 0.0 80.19 93.9262 1.48499 -115.087 0.0 0.0 0.0 0.0 0.0 16.0625)
  (2.445 -92.9812 -79.0425 2.09251 -4.11749 0.0 0.0 0.0 0.0 92.6437 56.0925 75.8025 48.2625 0.0 0.0 0.0 0.0 79.3463 16.0625)
  (2.82 -92.9812 -78.7387 2.39626 86.4338 0.0 0.0 0.0 0.0 92.9812 75.87 -2.39626 -50.8275 0.0 0.0 0.0 0.0 0.0 16.0625)
  (3.195 -30.2062 -2.90249 0.13501 -24.6712 0.0 0.0 0.0 0.0 86.9062 15.795 -49.68 -94.1625 0.0 0.0 0.0 0.0 0.0 16.0625)
  (3.57 -67.7025 -2.90249 0.13501 -24.3337 0.0 0.0 0.0 0.0 80.19 93.9262 1.48499 -115.087 0.0 0.0 0.0 0.0 0.0 16.0625)
  (3.945 -92.9812 -79.0425 2.09251 -4.11749 0.0 0.0 0.0 0.0 92.6437 56.0925 75.8025 48.2625 0.0 0.0 0.0 0.0 79.3463 16.0625)
  (4.32 -92.9812 -78.7387 2.39626 86.4338 0.0 0.0 0.0 0.0 92.9812 75.87 -2.39626 -50.8275 0.0 0.0 0.0 0.0 0.0 16.0625)
  (4.695 -92.9812 -79.0425 2.09251 -4.11749 0.0 0.0 0.0 0.0 67.7025 2.90249 -0.13501 -24.3337 0.0 0.0 0.0 0.0 0.0 16.0625)
  (5.07 -92.9812 -78.7387 2.39626 86.4338 0.0 0.0 0.0 0.0 92.9812 78.7387 -2.39626 86.4338 0.0 0.0 0.0 0.0 0.0 16.0625)
  (5.445 -126.596 -5.46749 -0.13499 -42.8625 0.0 0.0 0.0 0.0 92.9812 79.0425 -2.09251 -4.11749 0.0 0.0 0.0 0.0 0.0 16.0625)
  (5.82 52.6163 -40.9387 -75.8025 29.8013 0.0 0.0 0.0 0.0 30.2062 2.90249 -0.13501 -24.6712 0.0 0.0 0.0 0.0 -79.3463 16.0625)
  (6.195 -92.9812 -79.0425 2.09251 -4.11749 0.0 0.0 0.0 0.0 67.7025 2.90249 -0.13501 -24.3337 0.0 0.0 0.0 0.0 0.0 16.0625)
  (6.57 -92.9812 -78.7387 2.39626 86.4338 0.0 0.0 0.0 0.0 92.9812 78.7387 -2.39626 86.4338 0.0 0.0 0.0 0.0 0.0 16.0625)
  (6.945 -126.596 -5.46749 -0.13499 -42.8625 0.0 0.0 0.0 0.0 92.9812 79.0425 -2.09251 -4.11749 0.0 0.0 0.0 0.0 0.0 16.0625)
  (7.32 52.6163 -40.9387 -75.8025 29.8013 0.0 0.0 0.0 0.0 30.2062 2.90249 -0.13501 -24.6712 0.0 0.0 0.0 0.0 -79.3463 16.0625)
  (7.695 52.6163 -40.9387 -75.8025 29.8013 0.0 0.0 0.0 0.0 126.596 5.46749 0.13499 -42.8625 0.0 0.0 0.0 0.0 0.0 16.0625)
  (8.07 -92.9812 -78.7387 2.39626 86.4338 0.0 0.0 0.0 0.0 37.395 16.0987 -54.2025 -93.8587 0.0 0.0 0.0 0.0 0.0 16.0625)
  (8.445 -92.9812 -78.7387 2.39626 86.4338 0.0 0.0 0.0 0.0 37.395 16.0987 -54.2025 -93.8587 0.0 0.0 0.0 0.0 0.0 16.0625)
  (8.82 52.6163 -40.9387 -75.8025 29.8013 0.0 0.0 0.0 0.0 67.7025 2.90249 -0.13501 -24.3337 0.0 0.0 0.0 0.0 0.0 16.0625)
  (9.195 52.6163 -40.9387 -75.8025 29.8013 0.0 0.0 0.0 0.0 126.596 5.46749 0.13499 -42.8625 0.0 0.0 0.0 0.0 0.0 16.0625)
  (9.57 -92.9812 -78.7387 2.39626 86.4338 0.0 0.0 0.0 0.0 37.395 16.0987 -54.2025 -93.8587 0.0 0.0 0.0 0.0 0.0 16.0625)
  (9.945 -92.9812 -78.7387 2.39626 86.4338 0.0 0.0 0.0 0.0 37.395 16.0987 -54.2025 -93.8587 0.0 0.0 0.0 0.0 0.0 16.0625)
  (10.32 52.6163 -40.9387 -75.8025 29.8013 0.0 0.0 0.0 0.0 67.7025 2.90249 -0.13501 -24.3337 0.0 0.0 0.0 0.0 0.0 16.0625)
  (10.695 -92.6437 -56.0925 -75.8025 48.2625 0.0 0.0 0.0 0.0 92.9812 79.0425 -2.09251 -4.11749 0.0 0.0 0.0 0.0 -24.9075 16.0625)
  (11.07 -23.0175 -76.5112 -70.74 123.356 0.0 0.0 0.0 0.0 86.9062 15.795 -49.68 -94.1625 0.0 0.0 0.0 0.0 -79.3463 16.0625)
  (11.445 -92.9812 -78.7387 2.39626 86.4338 0.0 0.0 0.0 0.0 92.9812 79.0425 -2.09251 -4.11749 0.0 0.0 0.0 0.0 0.0 16.0625)
  (11.82 -92.6437 -56.0925 -75.8025 48.2625 0.0 0.0 0.0 0.0 92.6437 56.0925 75.8025 48.2625 0.0 0.0 0.0 0.0 0.0 16.0625)
  (12.195 -92.6437 -56.0925 -75.8025 48.2625 0.0 0.0 0.0 0.0 92.9812 79.0425 -2.09251 -4.11749 0.0 0.0 0.0 0.0 -24.9075 16.0625)
  (12.57 -23.0175 -76.5112 -70.74 123.356 0.0 0.0 0.0 0.0 86.9062 15.795 -49.68 -94.1625 0.0 0.0 0.0 0.0 -79.3463 16.0625)
  (12.945 -92.9812 -78.7387 2.39626 86.4338 0.0 0.0 0.0 0.0 92.9812 79.0425 -2.09251 -4.11749 0.0 0.0 0.0 0.0 0.0 16.0625)
  (13.32 -92.6437 -56.0925 -75.8025 48.2625 0.0 0.0 0.0 0.0 92.6437 56.0925 75.8025 48.2625 0.0 0.0 0.0 0.0 0.0 16.0625)
  (13.696 -80.19 -93.9262 -1.48499 -115.087 0.0 0.0 0.0 0.0 95.2087 5.12999 -0.13501 -42.8625 0.0 0.0 0.0 0.0 0.0 16.0625)
  (14.071 -30.2062 -2.90249 0.13501 -24.6712 0.0 0.0 0.0 0.0 86.9062 15.795 -49.68 -94.1625 0.0 0.0 0.0 0.0 0.0 16.0625)
  (14.446 -53.73 5.09626 -76.4437 21.2288 0.0 0.0 0.0 0.0 67.7025 2.90249 -0.13501 -24.3337 0.0 0.0 0.0 0.0 0.0 16.0625)
  (14.821 -80.19 -93.9262 -1.48499 -115.087 0.0 0.0 0.0 0.0 92.6437 56.0925 75.8025 48.2625 0.0 0.0 0.0 0.0 -79.3463 16.0625)
  (15.196 -80.19 -93.9262 -1.48499 -115.087 0.0 0.0 0.0 0.0 95.2087 5.12999 -0.13501 -42.8625 0.0 0.0 0.0 0.0 0.0 16.0625)
  (15.571 -30.2062 -2.90249 0.13501 -24.6712 0.0 0.0 0.0 0.0 86.9062 15.795 -49.68 -94.1625 0.0 0.0 0.0 0.0 0.0 16.0625)
  (15.946 -53.73 5.09626 -76.4437 21.2288 0.0 0.0 0.0 0.0 67.7025 2.90249 -0.13501 -24.3337 0.0 0.0 0.0 0.0 0.0 16.0625)
  (16.321 -80.19 -93.9262 -1.48499 -115.087 0.0 0.0 0.0 0.0 92.6437 56.0925 75.8025 48.2625 0.0 0.0 0.0 0.0 -79.3463 16.0625)
  (16.696 -30.2062 -2.90249 0.13501 -24.6712 0.0 0.0 0.0 0.0 126.596 5.46749 0.13499 -42.8625 0.0 0.0 0.0 0.0 0.0 16.0625)
  (17.071 -67.7025 -2.90249 0.13501 -24.3337 0.0 0.0 0.0 0.0 86.9062 15.795 -49.68 -94.1625 0.0 0.0 0.0 0.0 0.0 16.0625)
  (17.446 -95.2087 -5.12999 0.13501 -42.8625 0.0 0.0 0.0 0.0 86.9062 15.795 -49.68 -94.1625 0.0 0.0 0.0 0.0 0.0 16.0625)
  (17.821 -92.9812 -75.87 2.39626 -50.8275 0.0 0.0 0.0 0.0 92.6437 56.0925 75.8025 48.2625 0.0 0.0 0.0 0.0 0.0 16.0625)
  (18.196 -30.2062 -2.90249 0.13501 -24.6712 0.0 0.0 0.0 0.0 126.596 5.46749 0.13499 -42.8625 0.0 0.0 0.0 0.0 0.0 16.0625)
  (18.571 -67.7025 -2.90249 0.13501 -24.3337 0.0 0.0 0.0 0.0 86.9062 15.795 -49.68 -94.1625 0.0 0.0 0.0 0.0 0.0 16.0625)
  (18.946 -95.2087 -5.12999 0.13501 -42.8625 0.0 0.0 0.0 0.0 86.9062 15.795 -49.68 -94.1625 0.0 0.0 0.0 0.0 0.0 16.0625)
  (19.321 -92.9812 -75.87 2.39626 -50.8275 0.0 0.0 0.0 0.0 92.6437 56.0925 75.8025 48.2625 0.0 0.0 0.0 0.0 0.0 16.0625)
  (19.696 -37.395 -16.0987 54.2025 -93.8587 0.0 0.0 0.0 0.0 92.6437 56.0925 75.8025 48.2625 0.0 0.0 0.0 0.0 0.0 16.0625)
  (20.071 -30.2062 -2.90249 0.13501 -24.6712 0.0 0.0 0.0 0.0 86.9062 15.795 -49.68 -94.1625 0.0 0.0 0.0 0.0 -44.685 16.0625)
  (20.446 -30.2062 -2.90249 0.13501 -24.6712 0.0 0.0 0.0 0.0 92.6437 56.0925 75.8025 48.2625 0.0 0.0 0.0 0.0 0.0 16.0625)
  (20.821 -37.395 -16.0987 54.2025 -93.8587 0.0 0.0 0.0 0.0 50.4562 -10.2263 76.1062 19.9125 0.0 0.0 0.0 0.0 0.0 -16.0625)
  (21.196 -37.395 -16.0987 54.2025 -93.8587 0.0 0.0 0.0 0.0 92.6437 56.0925 75.8025 48.2625 0.0 0.0 0.0 0.0 0.0 16.0625)
  (21.571 -30.2062 -2.90249 0.13501 -24.6712 0.0 0.0 0.0 0.0 86.9062 15.795 -49.68 -94.1625 0.0 0.0 0.0 0.0 -44.685 16.0625)
  (21.946 -30.2062 -2.90249 0.13501 -24.6712 0.0 0.0 0.0 0.0 92.6437 56.0925 75.8025 48.2625 0.0 0.0 0.0 0.0 0.0 16.0625)
  (22.321 -37.395 -16.0987 54.2025 -93.8587 0.0 0.0 0.0 0.0 50.4562 -10.2263 76.1062 19.9125 0.0 0.0 0.0 0.0 0.0 -16.0625)
  (22.696 -80.19 -93.9262 -1.48499 -115.087 0.0 0.0 0.0 0.0 92.9812 75.87 -2.39626 -50.8275 0.0 0.0 0.0 0.0 0.0 -32.0625)
  (23.071 -86.9062 -15.795 49.68 -94.1625 0.0 0.0 0.0 0.0 67.7025 2.90249 -0.13501 -24.3337 0.0 0.0 0.0 0.0 0.0 16.0625)
  (23.446 -126.596 -5.46749 -0.13499 -42.8625 0.0 0.0 0.0 0.0 92.9812 75.87 -2.39626 -50.8275 0.0 0.0 0.0 0.0 -24.9075 16.0625)
  (23.821 -86.9062 -15.795 49.68 -94.1625 0.0 0.0 0.0 0.0 79.5487 -5.09626 1.48499 -115.087 0.0 0.0 0.0 0.0 0.0 16.0625)
  (24.196 -80.19 -93.9262 -1.48499 -115.087 0.0 0.0 0.0 0.0 92.9812 75.87 -2.39626 -50.8275 0.0 0.0 0.0 0.0 0.0 -32.0625)
  (24.571 -86.9062 -15.795 49.68 -94.1625 0.0 0.0 0.0 0.0 67.7025 2.90249 -0.13501 -24.3337 0.0 0.0 0.0 0.0 0.0 16.0625)
  (24.946 -126.596 -5.46749 -0.13499 -42.8625 0.0 0.0 0.0 0.0 92.9812 75.87 -2.39626 -50.8275 0.0 0.0 0.0 0.0 -24.9075 16.0625)
  (25.321 -86.9062 -15.795 49.68 -94.1625 0.0 0.0 0.0 0.0 79.5487 -5.09626 1.48499 -115.087 0.0 0.0 0.0 0.0 0.0 16.0625)
  (25.696 52.6163 -40.9387 -75.8025 29.8013 0.0 0.0 0.0 0.0 79.5487 -5.09626 1.48499 -115.087 0.0 0.0 0.0 0.0 0.0 16.0625)
  (26.071 -95.2087 -5.12999 0.13501 -42.8625 0.0 0.0 0.0 0.0 30.2062 2.90249 -0.13501 -24.6712 0.0 0.0 0.0 0.0 0.0 16.0625)
  (26.446 -37.395 -16.0987 54.2025 -93.8587 0.0 0.0 0.0 0.0 95.2087 5.12999 -0.13501 -42.8625 0.0 0.0 0.0 0.0 0.0 16.0625)
  (26.821 -53.73 5.09626 -76.4437 21.2288 0.0 0.0 0.0 0.0 92.6437 56.0925 75.8025 48.2625 0.0 0.0 0.0 0.0 0.0 16.0625)
  (27.196 52.6163 -40.9387 -75.8025 29.8013 0.0 0.0 0.0 0.0 79.5487 -5.09626 1.48499 -115.087 0.0 0.0 0.0 0.0 0.0 16.0625)
  (27.571 -95.2087 -5.12999 0.13501 -42.8625 0.0 0.0 0.0 0.0 30.2062 2.90249 -0.13501 -24.6712 0.0 0.0 0.0 0.0 0.0 16.0625)
  (27.946 -37.395 -16.0987 54.2025 -93.8587 0.0 0.0 0.0 0.0 95.2087 5.12999 -0.13501 -42.8625 0.0 0.0 0.0 0.0 0.0 16.0625)
  (28.321 -53.73 5.09626 -76.4437 21.2288 0.0 0.0 0.0 0.0 92.6437 56.0925 75.8025 48.2625 0.0 0.0 0.0 0.0 0.0 16.0625)
  (28.696 -79.5487 5.09626 -1.48499 -115.087 0.0 0.0 0.0 0.0 79.5487 -5.09626 1.48499 -115.087 0.0 0.0 0.0 0.0 0.0 16.0625)
  (29.071 -37.395 -16.0987 54.2025 -93.8587 0.0 0.0 0.0 0.0 79.5487 -5.09626 1.48499 -115.087 0.0 0.0 0.0 0.0 0.0 16.0625)
  (29.455 -79.5487 5.09626 -1.48499 -115.087 0.0 0.0 0.0 0.0 126.596 5.46749 0.13499 -42.8625 0.0 0.0 0.0 0.0 -44.685 16.0625)
  (29.826 -92.9812 -78.7387 2.39626 86.4338 0.0 0.0 0.0 0.0 30.2062 2.90249 -0.13501 -24.6712 0.0 0.0 0.0 0.0 0.0 53.1563)
  (30.209 -79.5487 5.09626 -1.48499 -115.087 0.0 0.0 0.0 0.0 79.5487 -5.09626 1.48499 -115.087 0.0 0.0 0.0 0.0 0.0 16.0625)
  (30.581 -37.395 -16.0987 54.2025 -93.8587 0.0 0.0 0.0 0.0 79.5487 -5.09626 1.48499 -115.087 0.0 0.0 0.0 0.0 0.0 16.0625)
  (30.952 -79.5487 5.09626 -1.48499 -115.087 0.0 0.0 0.0 0.0 126.596 5.46749 0.13499 -42.8625 0.0 0.0 0.0 0.0 -44.685 16.0625)
  (31.335 -92.9812 -78.7387 2.39626 86.4338 0.0 0.0 0.0 0.0 30.2062 2.90249 -0.13501 -24.6712 0.0 0.0 0.0 0.0 0.0 53.1563)
  (31.707 -86.9062 -15.795 49.68 -94.1625 0.0 0.0 0.0 0.0 86.9062 15.795 -49.68 -94.1625 0.0 0.0 0.0 0.0 0.0 16.0625)
  (32.067 -67.7025 -2.90249 0.13501 -24.3337 0.0 0.0 0.0 0.0 67.7025 2.90249 -0.13501 -24.3337 0.0 0.0 0.0 0.0 0.0 0.0)
  (32.45 -92.6437 -56.0925 -75.8025 48.2625 0.0 0.0 0.0 0.0 37.395 16.0987 -54.2025 -93.8587 0.0 0.0 0.0 0.0 44.685 16.0625)
  (32.833 -67.7025 -2.90249 0.13501 -24.3337 0.0 0.0 0.0 0.0 50.4562 -10.2263 76.1062 19.9125 0.0 0.0 0.0 0.0 0.0 53.1563)
  (33.193 -86.9062 -15.795 49.68 -94.1625 0.0 0.0 0.0 0.0 86.9062 15.795 -49.68 -94.1625 0.0 0.0 0.0 0.0 0.0 16.0625)
  (33.576 -67.7025 -2.90249 0.13501 -24.3337 0.0 0.0 0.0 0.0 67.7025 2.90249 -0.13501 -24.3337 0.0 0.0 0.0 0.0 0.0 0.0)
  (33.948 -92.6437 -56.0925 -75.8025 48.2625 0.0 0.0 0.0 0.0 37.395 16.0987 -54.2025 -93.8587 0.0 0.0 0.0 0.0 44.685 16.0625)
  (34.331 -67.7025 -2.90249 0.13501 -24.3337 0.0 0.0 0.0 0.0 50.4562 -10.2263 76.1062 19.9125 0.0 0.0 0.0 0.0 0.0 53.1563)
  (34.702 -80.19 -93.9262 -1.48499 -115.087 0.0 0.0 0.0 0.0 95.2087 5.12999 -0.13501 -42.8625 0.0 0.0 0.0 0.0 -79.3463 16.0625)
  (35.085 -95.2087 -5.12999 0.13501 -42.8625 0.0 0.0 0.0 0.0 92.9812 75.87 -2.39626 -50.8275 0.0 0.0 0.0 0.0 0.0 16.0625)
  (35.457 -92.9812 -79.0425 2.09251 -4.11749 0.0 0.0 0.0 0.0 30.2062 2.90249 -0.13501 -24.6712 0.0 0.0 0.0 0.0 0.0 16.0625)
  (35.84 -30.2062 -2.90249 0.13501 -24.6712 0.0 0.0 0.0 0.0 95.2087 5.12999 -0.13501 -42.8625 0.0 0.0 0.0 0.0 0.0 16.0625)
  (36.188 -80.19 -93.9262 -1.48499 -115.087 0.0 0.0 0.0 0.0 95.2087 5.12999 -0.13501 -42.8625 0.0 0.0 0.0 0.0 -79.3463 16.0625)
  (36.583 -95.2087 -5.12999 0.13501 -42.8625 0.0 0.0 0.0 0.0 92.9812 75.87 -2.39626 -50.8275 0.0 0.0 0.0 0.0 0.0 16.0625)
  (36.955 -92.9812 -79.0425 2.09251 -4.11749 0.0 0.0 0.0 0.0 30.2062 2.90249 -0.13501 -24.6712 0.0 0.0 0.0 0.0 0.0 16.0625)
  (37.326 -30.2062 -2.90249 0.13501 -24.6712 0.0 0.0 0.0 0.0 95.2087 5.12999 -0.13501 -42.8625 0.0 0.0 0.0 0.0 0.0 16.0625)
  (37.698 -126.596 -5.46749 -0.13499 -42.8625 0.0 0.0 0.0 0.0 30.2062 2.90249 -0.13501 -24.6712 0.0 0.0 0.0 0.0 0.0 16.0625)
  (38.081 -95.2087 -5.12999 0.13501 -42.8625 0.0 0.0 0.0 0.0 30.2062 2.90249 -0.13501 -24.6712 0.0 0.0 0.0 0.0 0.0 16.0625)
  (38.452 -86.9062 -15.795 49.68 -94.1625 0.0 0.0 0.0 0.0 67.7025 2.90249 -0.13501 -24.3337 0.0 0.0 0.0 0.0 0.0 16.0625)
  (38.835 -67.7025 -2.90249 0.13501 -24.3337 0.0 0.0 0.0 0.0 37.395 16.0987 -54.2025 -93.8587 0.0 0.0 0.0 0.0 0.0 32.0625)
  (39.195 -126.596 -5.46749 -0.13499 -42.8625 0.0 0.0 0.0 0.0 30.2062 2.90249 -0.13501 -24.6712 0.0 0.0 0.0 0.0 0.0 16.0625)
  (39.578 -95.2087 -5.12999 0.13501 -42.8625 0.0 0.0 0.0 0.0 30.2062 2.90249 -0.13501 -24.6712 0.0 0.0 0.0 0.0 0.0 16.0625)
  (39.95 -86.9062 -15.795 49.68 -94.1625 0.0 0.0 0.0 0.0 67.7025 2.90249 -0.13501 -24.3337 0.0 0.0 0.0 0.0 0.0 16.0625)
  (40.333 -67.7025 -2.90249 0.13501 -24.3337 0.0 0.0 0.0 0.0 37.395 16.0987 -54.2025 -93.8587 0.0 0.0 0.0 0.0 0.0 32.0625)
  (40.705 52.6163 -40.9387 -75.8025 29.8013 0.0 0.0 0.0 0.0 92.9812 79.0425 -2.09251 -4.11749 0.0 0.0 0.0 0.0 0.0 53.1563)
  (41.076 -92.9812 -79.0425 2.09251 -4.11749 0.0 0.0 0.0 0.0 67.7025 2.90249 -0.13501 -24.3337 0.0 0.0 0.0 0.0 0.0 16.0625)
  (41.459 -67.7025 -2.90249 0.13501 -24.3337 0.0 0.0 0.0 0.0 95.2087 5.12999 -0.13501 -42.8625 0.0 0.0 0.0 0.0 0.0 16.0625)
  (41.831 -86.9062 -15.795 49.68 -94.1625 0.0 0.0 0.0 0.0 50.4562 -10.2263 76.1062 19.9125 0.0 0.0 0.0 0.0 0.0 -16.0625)
  (42.214 52.6163 -40.9387 -75.8025 29.8013 0.0 0.0 0.0 0.0 92.9812 79.0425 -2.09251 -4.11749 0.0 0.0 0.0 0.0 0.0 53.1563)
  (42.585 -92.9812 -79.0425 2.09251 -4.11749 0.0 0.0 0.0 0.0 67.7025 2.90249 -0.13501 -24.3337 0.0 0.0 0.0 0.0 0.0 16.0625)
  (42.957 -67.7025 -2.90249 0.13501 -24.3337 0.0 0.0 0.0 0.0 95.2087 5.12999 -0.13501 -42.8625 0.0 0.0 0.0 0.0 0.0 16.0625)
  (43.328 -86.9062 -15.795 49.68 -94.1625 0.0 0.0 0.0 0.0 50.4562 -10.2263 76.1062 19.9125 0.0 0.0 0.0 0.0 0.0 -16.0625)
  (43.7 52.6163 -40.9387 -75.8025 29.8013 0.0 0.0 0.0 0.0 92.9812 78.7387 -2.39626 86.4338 0.0 0.0 0.0 0.0 0.0 16.0625)
  (44.071 -92.9812 -79.0425 2.09251 -4.11749 0.0 0.0 0.0 0.0 92.9812 78.7387 -2.39626 86.4338 0.0 0.0 0.0 0.0 0.0 16.0625)
  (44.455 -53.73 5.09626 -76.4437 21.2288 0.0 0.0 0.0 0.0 92.6437 56.0925 75.8025 48.2625 0.0 0.0 0.0 0.0 24.9075 16.0625)
  (44.826 -79.5487 5.09626 -1.48499 -115.087 0.0 0.0 0.0 0.0 86.9062 15.795 -49.68 -94.1625 0.0 0.0 0.0 0.0 0.0 16.0625)
  (45.209 52.6163 -40.9387 -75.8025 29.8013 0.0 0.0 0.0 0.0 92.9812 78.7387 -2.39626 86.4338 0.0 0.0 0.0 0.0 0.0 16.0625)
  (45.592 -92.9812 -79.0425 2.09251 -4.11749 0.0 0.0 0.0 0.0 92.9812 78.7387 -2.39626 86.4338 0.0 0.0 0.0 0.0 0.0 16.0625)
  (45.964 -53.73 5.09626 -76.4437 21.2288 0.0 0.0 0.0 0.0 92.6437 56.0925 75.8025 48.2625 0.0 0.0 0.0 0.0 24.9075 16.0625)
  (46.335 -79.5487 5.09626 -1.48499 -115.087 0.0 0.0 0.0 0.0 86.9062 15.795 -49.68 -94.1625 0.0 0.0 0.0 0.0 0.0 16.0625)
  (46.707 -80.19 -93.9262 -1.48499 -115.087 0.0 0.0 0.0 0.0 79.5487 -5.09626 1.48499 -115.087 0.0 0.0 0.0 0.0 0.0 16.0625)
  (47.078 -80.19 -93.9262 -1.48499 -115.087 0.0 0.0 0.0 0.0 92.9812 75.87 -2.39626 -50.8275 0.0 0.0 0.0 0.0 0.0 16.0625)
  (47.45 -67.7025 -2.90249 0.13501 -24.3337 0.0 0.0 0.0 0.0 92.9812 79.0425 -2.09251 -4.11749 0.0 0.0 0.0 0.0 24.9075 16.0625)
  (47.821 -79.5487 5.09626 -1.48499 -115.087 0.0 0.0 0.0 0.0 67.7025 2.90249 -0.13501 -24.3337 0.0 0.0 0.0 0.0 0.0 16.0625)
  (48.205 -80.19 -93.9262 -1.48499 -115.087 0.0 0.0 0.0 0.0 79.5487 -5.09626 1.48499 -115.087 0.0 0.0 0.0 0.0 0.0 16.0625)
  (48.576 -80.19 -93.9262 -1.48499 -115.087 0.0 0.0 0.0 0.0 92.9812 75.87 -2.39626 -50.8275 0.0 0.0 0.0 0.0 0.0 16.0625)
  (48.948 -67.7025 -2.90249 0.13501 -24.3337 0.0 0.0 0.0 0.0 92.9812 79.0425 -2.09251 -4.11749 0.0 0.0 0.0 0.0 24.9075 16.0625)
  (49.319 -79.5487 5.09626 -1.48499 -115.087 0.0 0.0 0.0 0.0 67.7025 2.90249 -0.13501 -24.3337 0.0 0.0 0.0 0.0 0.0 16.0625)
  (49.691 -92.6437 -56.0925 -75.8025 48.2625 0.0 0.0 0.0 0.0 79.5487 -5.09626 1.48499 -115.087 0.0 0.0 0.0 0.0 0.0 16.0625)
  (50.062 -80.19 -93.9262 -1.48499 -115.087 0.0 0.0 0.0 0.0 92.9812 78.7387 -2.39626 86.4338 0.0 0.0 0.0 0.0 0.0 53.1563)
  (50.434 -92.9812 -79.0425 2.09251 -4.11749 0.0 0.0 0.0 0.0 37.395 16.0987 -54.2025 -93.8587 0.0 0.0 0.0 0.0 0.0 16.0625)
  (50.805 -79.5487 5.09626 -1.48499 -115.087 0.0 0.0 0.0 0.0 80.19 93.9262 1.48499 -115.087 0.0 0.0 0.0 0.0 0.0 -16.0625)
  (51.177 -92.6437 -56.0925 -75.8025 48.2625 0.0 0.0 0.0 0.0 79.5487 -5.09626 1.48499 -115.087 0.0 0.0 0.0 0.0 0.0 16.0625)
  (51.56 -80.19 -93.9262 -1.48499 -115.087 0.0 0.0 0.0 0.0 92.9812 78.7387 -2.39626 86.4338 0.0 0.0 0.0 0.0 0.0 53.1563)
  (51.943 -92.9812 -79.0425 2.09251 -4.11749 0.0 0.0 0.0 0.0 37.395 16.0987 -54.2025 -93.8587 0.0 0.0 0.0 0.0 0.0 16.0625)
  (52.326 -79.5487 5.09626 -1.48499 -115.087 0.0 0.0 0.0 0.0 80.19 93.9262 1.48499 -115.087 0.0 0.0 0.0 0.0 0.0 -16.0625)
  (52.698 -37.395 -16.0987 54.2025 -93.8587 0.0 0.0 0.0 0.0 80.19 93.9262 1.48499 -115.087 0.0 0.0 0.0 0.0 -44.685 16.0625)
  (53.069 52.6163 -40.9387 -75.8025 29.8013 0.0 0.0 0.0 0.0 -52.6163 40.9387 75.8025 29.8013 0.0 0.0 0.0 0.0 0.0 16.0625)
  (53.441 -95.2087 -5.12999 0.13501 -42.8625 0.0 0.0 0.0 0.0 92.9812 75.87 -2.39626 -50.8275 0.0 0.0 0.0 0.0 0.0 16.0625)
  (53.824 -53.73 5.09626 -76.4437 21.2288 0.0 0.0 0.0 0.0 95.2087 5.12999 -0.13501 -42.8625 0.0 0.0 0.0 0.0 0.0 16.0625)
  (54.195 -37.395 -16.0987 54.2025 -93.8587 0.0 0.0 0.0 0.0 80.19 93.9262 1.48499 -115.087 0.0 0.0 0.0 0.0 -44.685 16.0625)
  (54.602 52.6163 -40.9387 -75.8025 29.8013 0.0 0.0 0.0 0.0 -52.6163 40.9387 75.8025 29.8013 0.0 0.0 0.0 0.0 0.0 16.0625)
  (54.962 -95.2087 -5.12999 0.13501 -42.8625 0.0 0.0 0.0 0.0 92.9812 75.87 -2.39626 -50.8275 0.0 0.0 0.0 0.0 0.0 16.0625)
  (55.356 -53.73 5.09626 -76.4437 21.2288 0.0 0.0 0.0 0.0 95.2087 5.12999 -0.13501 -42.8625 0.0 0.0 0.0 0.0 0.0 16.0625)
  (55.728 -95.2087 -5.12999 0.13501 -42.8625 0.0 0.0 0.0 0.0 126.596 5.46749 0.13499 -42.8625 0.0 0.0 0.0 0.0 79.3463 16.0625)
  (56.076 -67.7025 -2.90249 0.13501 -24.3337 0.0 0.0 0.0 0.0 37.395 16.0987 -54.2025 -93.8587 0.0 0.0 0.0 0.0 0.0 16.0625)
  (56.459 -86.9062 -15.795 49.68 -94.1625 0.0 0.0 0.0 0.0 80.19 93.9262 1.48499 -115.087 0.0 0.0 0.0 0.0 0.0 16.0625)
  (56.831 -92.9812 -75.87 2.39626 -50.8275 0.0 0.0 0.0 0.0 80.19 93.9262 1.48499 -115.087 0.0 0.0 0.0 0.0 0.0 16.0625)
  (57.202 -95.2087 -5.12999 0.13501 -42.8625 0.0 0.0 0.0 0.0 126.596 5.46749 0.13499 -42.8625 0.0 0.0 0.0 0.0 79.3463 16.0625)
  (57.585 -67.7025 -2.90249 0.13501 -24.3337 0.0 0.0 0.0 0.0 37.395 16.0987 -54.2025 -93.8587 0.0 0.0 0.0 0.0 0.0 16.0625)
  (57.957 -86.9062 -15.795 49.68 -94.1625 0.0 0.0 0.0 0.0 80.19 93.9262 1.48499 -115.087 0.0 0.0 0.0 0.0 0.0 16.0625)
  (58.34 -92.9812 -75.87 2.39626 -50.8275 0.0 0.0 0.0 0.0 80.19 93.9262 1.48499 -115.087 0.0 0.0 0.0 0.0 0.0 16.0625)
  (58.712 -79.5487 5.09626 -1.48499 -115.087 0.0 0.0 0.0 0.0 92.9812 79.0425 -2.09251 -4.11749 0.0 0.0 0.0 0.0 79.3463 16.0625)
  (59.06 -37.395 -16.0987 54.2025 -93.8587 0.0 0.0 0.0 0.0 23.0175 76.5112 70.74 123.356 0.0 0.0 0.0 0.0 0.0 16.0625)
  (59.42 -30.2062 -2.90249 0.13501 -24.6712 0.0 0.0 0.0 0.0 80.19 93.9262 1.48499 -115.087 0.0 0.0 0.0 0.0 0.0 16.0625)
  (59.838 -86.9062 -15.795 49.68 -94.1625 0.0 0.0 0.0 0.0 92.6437 56.0925 75.8025 48.2625 0.0 0.0 0.0 0.0 0.0 16.0625)
  (60.209 -79.5487 5.09626 -1.48499 -115.087 0.0 0.0 0.0 0.0 92.9812 79.0425 -2.09251 -4.11749 0.0 0.0 0.0 0.0 79.3463 16.0625)
  (60.592 -37.395 -16.0987 54.2025 -93.8587 0.0 0.0 0.0 0.0 23.0175 76.5112 70.74 123.356 0.0 0.0 0.0 0.0 0.0 16.0625)
  (60.952 -30.2062 -2.90249 0.13501 -24.6712 0.0 0.0 0.0 0.0 80.19 93.9262 1.48499 -115.087 0.0 0.0 0.0 0.0 0.0 16.0625)
  (61.336 -86.9062 -15.795 49.68 -94.1625 0.0 0.0 0.0 0.0 92.6437 56.0925 75.8025 48.2625 0.0 0.0 0.0 0.0 0.0 16.0625)
  (61.73 -92.9812 -75.87 2.39626 -50.8275 0.0 0.0 0.0 0.0 86.9062 15.795 -49.68 -94.1625 0.0 0.0 0.0 0.0 0.0 16.0625)
  (62.102 -126.596 -5.46749 -0.13499 -42.8625 0.0 0.0 0.0 0.0 92.9812 79.0425 -2.09251 -4.11749 0.0 0.0 0.0 0.0 0.0 16.0625)
  (62.45 -23.0175 -76.5112 -70.74 123.356 0.0 0.0 0.0 0.0 67.7025 2.90249 -0.13501 -24.3337 0.0 0.0 0.0 0.0 0.0 16.0625)
  (62.833 -53.73 5.09626 -76.4437 21.2288 0.0 0.0 0.0 0.0 23.0175 76.5112 70.74 123.356 0.0 0.0 0.0 0.0 0.0 16.0625)
  (63.193 -92.9812 -75.87 2.39626 -50.8275 0.0 0.0 0.0 0.0 86.9062 15.795 -49.68 -94.1625 0.0 0.0 0.0 0.0 0.0 16.0625)
  (63.588 -126.596 -5.46749 -0.13499 -42.8625 0.0 0.0 0.0 0.0 92.9812 79.0425 -2.09251 -4.11749 0.0 0.0 0.0 0.0 0.0 16.0625)
  (63.959 -23.0175 -76.5112 -70.74 123.356 0.0 0.0 0.0 0.0 67.7025 2.90249 -0.13501 -24.3337 0.0 0.0 0.0 0.0 0.0 16.0625)
  (64.331 -53.73 5.09626 -76.4437 21.2288 0.0 0.0 0.0 0.0 23.0175 76.5112 70.74 123.356 0.0 0.0 0.0 0.0 0.0 16.0625)
  (64.714 -92.6437 -56.0925 -75.8025 48.2625 0.0 0.0 0.0 0.0 126.596 5.46749 0.13499 -42.8625 0.0 0.0 0.0 0.0 0.0 16.0625)
  (65.086 -67.7025 -2.90249 0.13501 -24.3337 0.0 0.0 0.0 0.0 92.6437 56.0925 75.8025 48.2625 0.0 0.0 0.0 0.0 0.0 16.0625)
  (65.457 -80.19 -93.9262 -1.48499 -115.087 0.0 0.0 0.0 0.0 92.6437 56.0925 75.8025 48.2625 0.0 0.0 0.0 0.0 0.0 16.0625)
  (65.829 52.6163 -40.9387 -75.8025 29.8013 0.0 0.0 0.0 0.0 80.19 93.9262 1.48499 -115.087 0.0 0.0 0.0 0.0 0.0 16.0625)
  (66.2 -92.6437 -56.0925 -75.8025 48.2625 0.0 0.0 0.0 0.0 126.596 5.46749 0.13499 -42.8625 0.0 0.0 0.0 0.0 0.0 16.0625)
  (66.583 -67.7025 -2.90249 0.13501 -24.3337 0.0 0.0 0.0 0.0 92.6437 56.0925 75.8025 48.2625 0.0 0.0 0.0 0.0 0.0 16.0625)
  (66.955 -80.19 -93.9262 -1.48499 -115.087 0.0 0.0 0.0 0.0 92.6437 56.0925 75.8025 48.2625 0.0 0.0 0.0 0.0 0.0 16.0625)
  (67.326 52.6163 -40.9387 -75.8025 29.8013 0.0 0.0 0.0 0.0 80.19 93.9262 1.48499 -115.087 0.0 0.0 0.0 0.0 0.0 16.0625)
  (67.721 -37.395 -16.0987 54.2025 -93.8587 0.0 0.0 0.0 0.0 92.9812 79.0425 -2.09251 -4.11749 0.0 0.0 0.0 0.0 0.0 16.0625)
  (68.093 -92.9812 -78.7387 2.39626 86.4338 0.0 0.0 0.0 0.0 50.4562 -10.2263 76.1062 19.9125 0.0 0.0 0.0 0.0 0.0 16.0625)
  (68.452 -67.7025 -2.90249 0.13501 -24.3337 0.0 0.0 0.0 0.0 50.4562 -10.2263 76.1062 19.9125 0.0 0.0 0.0 0.0 0.0 16.0625)
  (68.836 -95.2087 -5.12999 0.13501 -42.8625 0.0 0.0 0.0 0.0 95.2087 5.12999 -0.13501 -42.8625 0.0 0.0 0.0 0.0 0.0 16.0625)
  (69.195 -37.395 -16.0987 54.2025 -93.8587 0.0 0.0 0.0 0.0 92.9812 79.0425 -2.09251 -4.11749 0.0 0.0 0.0 0.0 0.0 16.0625)
  (69.579 -92.9812 -78.7387 2.39626 86.4338 0.0 0.0 0.0 0.0 50.4562 -10.2263 76.1062 19.9125 0.0 0.0 0.0 0.0 0.0 16.0625)
  (69.962 -67.7025 -2.90249 0.13501 -24.3337 0.0 0.0 0.0 0.0 50.4562 -10.2263 76.1062 19.9125 0.0 0.0 0.0 0.0 0.0 16.0625)
  (70.333 -95.2087 -5.12999 0.13501 -42.8625 0.0 0.0 0.0 0.0 95.2087 5.12999 -0.13501 -42.8625 0.0 0.0 0.0 0.0 0.0 16.0625)
  (70.705 -126.596 -5.46749 -0.13499 -42.8625 0.0 0.0 0.0 0.0 37.395 16.0987 -54.2025 -93.8587 0.0 0.0 0.0 0.0 0.0 16.0625)
  (71.076 -67.7025 -2.90249 0.13501 -24.3337 0.0 0.0 0.0 0.0 126.596 5.46749 0.13499 -42.8625 0.0 0.0 0.0 0.0 0.0 16.0625)
  (71.448 -92.9812 -78.7387 2.39626 86.4338 0.0 0.0 0.0 0.0 86.9062 15.795 -49.68 -94.1625 0.0 0.0 0.0 0.0 0.0 16.0625)
  (71.831 -53.73 5.09626 -76.4437 21.2288 0.0 0.0 0.0 0.0 92.6437 56.0925 75.8025 48.2625 0.0 0.0 0.0 0.0 0.0 16.0625)
  (72.202 -126.596 -5.46749 -0.13499 -42.8625 0.0 0.0 0.0 0.0 37.395 16.0987 -54.2025 -93.8587 0.0 0.0 0.0 0.0 0.0 16.0625)
  (72.574 -67.7025 -2.90249 0.13501 -24.3337 0.0 0.0 0.0 0.0 126.596 5.46749 0.13499 -42.8625 0.0 0.0 0.0 0.0 0.0 16.0625)
  (72.957 -92.9812 -78.7387 2.39626 86.4338 0.0 0.0 0.0 0.0 86.9062 15.795 -49.68 -94.1625 0.0 0.0 0.0 0.0 0.0 16.0625)
  (73.317 -53.73 5.09626 -76.4437 21.2288 0.0 0.0 0.0 0.0 92.6437 56.0925 75.8025 48.2625 0.0 0.0 0.0 0.0 0.0 16.0625)
  (73.7 -92.9812 -75.87 2.39626 -50.8275 0.0 0.0 0.0 0.0 50.4562 -10.2263 76.1062 19.9125 0.0 0.0 0.0 0.0 0.0 16.0625)
  (74.083 -95.2087 -5.12999 0.13501 -42.8625 0.0 0.0 0.0 0.0 79.5487 -5.09626 1.48499 -115.087 0.0 0.0 0.0 0.0 0.0 16.0625)
  (74.455 -79.5487 5.09626 -1.48499 -115.087 0.0 0.0 0.0 0.0 -52.6163 40.9387 75.8025 29.8013 0.0 0.0 0.0 0.0 0.0 16.0625)
  (74.838 -23.0175 -76.5112 -70.74 123.356 0.0 0.0 0.0 0.0 37.395 16.0987 -54.2025 -93.8587 0.0 0.0 0.0 0.0 0.0 16.0625)
  (75.209 -92.9812 -75.87 2.39626 -50.8275 0.0 0.0 0.0 0.0 50.4562 -10.2263 76.1062 19.9125 0.0 0.0 0.0 0.0 0.0 16.0625)
  (75.581 -95.2087 -5.12999 0.13501 -42.8625 0.0 0.0 0.0 0.0 79.5487 -5.09626 1.48499 -115.087 0.0 0.0 0.0 0.0 0.0 16.0625)
  (75.952 -79.5487 5.09626 -1.48499 -115.087 0.0 0.0 0.0 0.0 -52.6163 40.9387 75.8025 29.8013 0.0 0.0 0.0 0.0 0.0 16.0625)
  (76.336 -23.0175 -76.5112 -70.74 123.356 0.0 0.0 0.0 0.0 37.395 16.0987 -54.2025 -93.8587 0.0 0.0 0.0 0.0 0.0 16.0625)
  (76.719 -53.73 5.09626 -76.4437 21.2288 0.0 0.0 0.0 0.0 67.7025 2.90249 -0.13501 -24.3337 0.0 0.0 0.0 0.0 0.0 16.0625)
  (77.102 -95.2087 -5.12999 0.13501 -42.8625 0.0 0.0 0.0 0.0 80.19 93.9262 1.48499 -115.087 0.0 0.0 0.0 0.0 0.0 16.0625)
  (77.473 -67.7025 -2.90249 0.13501 -24.3337 0.0 0.0 0.0 0.0 37.395 16.0987 -54.2025 -93.8587 0.0 0.0 0.0 0.0 0.0 -16.0625)
  (77.845 -80.19 -93.9262 -1.48499 -115.087 0.0 0.0 0.0 0.0 80.19 93.9262 1.48499 -115.087 0.0 0.0 0.0 0.0 0.0 16.0625)
  (78.216 -53.73 5.09626 -76.4437 21.2288 0.0 0.0 0.0 0.0 67.7025 2.90249 -0.13501 -24.3337 0.0 0.0 0.0 0.0 0.0 16.0625)
  (78.6 -95.2087 -5.12999 0.13501 -42.8625 0.0 0.0 0.0 0.0 80.19 93.9262 1.48499 -115.087 0.0 0.0 0.0 0.0 0.0 16.0625)
  (78.983 -67.7025 -2.90249 0.13501 -24.3337 0.0 0.0 0.0 0.0 37.395 16.0987 -54.2025 -93.8587 0.0 0.0 0.0 0.0 0.0 -16.0625)
  (79.343 -80.19 -93.9262 -1.48499 -115.087 0.0 0.0 0.0 0.0 80.19 93.9262 1.48499 -115.087 0.0 0.0 0.0 0.0 0.0 16.0625)
  (79.714 52.6163 -40.9387 -75.8025 29.8013 0.0 0.0 0.0 0.0 30.2062 2.90249 -0.13501 -24.6712 0.0 0.0 0.0 0.0 0.0 16.0625)
  (80.086 -126.596 -5.46749 -0.13499 -42.8625 0.0 0.0 0.0 0.0 50.4562 -10.2263 76.1062 19.9125 0.0 0.0 0.0 0.0 0.0 16.0625)
  (80.457 -92.9812 -79.0425 2.09251 -4.11749 0.0 0.0 0.0 0.0 50.4562 -10.2263 76.1062 19.9125 0.0 0.0 0.0 0.0 0.0 16.0625)
  (80.84 -92.9812 -75.87 2.39626 -50.8275 0.0 0.0 0.0 0.0 80.19 93.9262 1.48499 -115.087 0.0 0.0 0.0 0.0 -79.3463 16.0625)
  (81.223 52.6163 -40.9387 -75.8025 29.8013 0.0 0.0 0.0 0.0 30.2062 2.90249 -0.13501 -24.6712 0.0 0.0 0.0 0.0 0.0 16.0625)
  (81.595 -126.596 -5.46749 -0.13499 -42.8625 0.0 0.0 0.0 0.0 50.4562 -10.2263 76.1062 19.9125 0.0 0.0 0.0 0.0 0.0 16.0625)
  (81.966 -92.9812 -79.0425 2.09251 -4.11749 0.0 0.0 0.0 0.0 50.4562 -10.2263 76.1062 19.9125 0.0 0.0 0.0 0.0 0.0 16.0625)
  (82.338 -92.9812 -75.87 2.39626 -50.8275 0.0 0.0 0.0 0.0 80.19 93.9262 1.48499 -115.087 0.0 0.0 0.0 0.0 -79.3463 16.0625)
  (82.709 -53.73 5.09626 -76.4437 21.2288 0.0 0.0 0.0 0.0 -52.6163 40.9387 75.8025 29.8013 0.0 0.0 0.0 0.0 0.0 16.0625)
  (83.093 -53.73 5.09626 -76.4437 21.2288 0.0 0.0 0.0 0.0 92.9812 79.0425 -2.09251 -4.11749 0.0 0.0 0.0 0.0 0.0 16.0625)
  (83.464 -86.9062 -15.795 49.68 -94.1625 0.0 0.0 0.0 0.0 92.9812 78.7387 -2.39626 86.4338 0.0 0.0 0.0 0.0 0.0 16.0625)
  (83.836 -86.9062 -15.795 49.68 -94.1625 0.0 0.0 0.0 0.0 126.596 5.46749 0.13499 -42.8625 0.0 0.0 0.0 0.0 0.0 16.0625)
  (84.207 -53.73 5.09626 -76.4437 21.2288 0.0 0.0 0.0 0.0 -52.6163 40.9387 75.8025 29.8013 0.0 0.0 0.0 0.0 0.0 16.0625)
  (84.579 -53.73 5.09626 -76.4437 21.2288 0.0 0.0 0.0 0.0 92.9812 79.0425 -2.09251 -4.11749 0.0 0.0 0.0 0.0 0.0 16.0625)
  (84.95 -86.9062 -15.795 49.68 -94.1625 0.0 0.0 0.0 0.0 92.9812 78.7387 -2.39626 86.4338 0.0 0.0 0.0 0.0 0.0 16.0625)
  (85.322 -86.9062 -15.795 49.68 -94.1625 0.0 0.0 0.0 0.0 126.596 5.46749 0.13499 -42.8625 0.0 0.0 0.0 0.0 0.0 16.0625)
  (85.693 -23.0175 -76.5112 -70.74 123.356 0.0 0.0 0.0 0.0 92.9812 78.7387 -2.39626 86.4338 0.0 0.0 0.0 0.0 0.0 16.0625)
  (86.076 -92.9812 -78.7387 2.39626 86.4338 0.0 0.0 0.0 0.0 80.19 93.9262 1.48499 -115.087 0.0 0.0 0.0 0.0 0.0 16.0625)
  (86.448 -92.9812 -78.7387 2.39626 86.4338 0.0 0.0 0.0 0.0 23.0175 76.5112 70.74 123.356 0.0 0.0 0.0 0.0 0.0 16.0625)
  (86.819 -126.596 -5.46749 -0.13499 -42.8625 0.0 0.0 0.0 0.0 -52.6163 40.9387 75.8025 29.8013 0.0 0.0 0.0 0.0 0.0 16.0625)
  (87.191 -23.0175 -76.5112 -70.74 123.356 0.0 0.0 0.0 0.0 92.9812 78.7387 -2.39626 86.4338 0.0 0.0 0.0 0.0 0.0 16.0625)
  (87.562 -92.9812 -78.7387 2.39626 86.4338 0.0 0.0 0.0 0.0 80.19 93.9262 1.48499 -115.087 0.0 0.0 0.0 0.0 0.0 16.0625)
  (87.934 -92.9812 -78.7387 2.39626 86.4338 0.0 0.0 0.0 0.0 23.0175 76.5112 70.74 123.356 0.0 0.0 0.0 0.0 0.0 16.0625)
  (88.305 -126.596 -5.46749 -0.13499 -42.8625 0.0 0.0 0.0 0.0 -52.6163 40.9387 75.8025 29.8013 0.0 0.0 0.0 0.0 0.0 16.0625)
  (88.677 52.6163 -40.9387 -75.8025 29.8013 0.0 0.0 0.0 0.0 67.7025 2.90249 -0.13501 -24.3337 0.0 0.0 0.0 0.0 0.0 16.0625)
  (89.06 -23.0175 -76.5112 -70.74 123.356 0.0 0.0 0.0 0.0 23.0175 76.5112 70.74 123.356 0.0 0.0 0.0 0.0 0.0 -16.0625)
  (89.432 -126.596 -5.46749 -0.13499 -42.8625 0.0 0.0 0.0 0.0 37.395 16.0987 -54.2025 -93.8587 0.0 0.0 0.0 0.0 0.0 16.0625)
  (89.815 -92.6437 -56.0925 -75.8025 48.2625 0.0 0.0 0.0 0.0 -52.6163 40.9387 75.8025 29.8013 0.0 0.0 0.0 0.0 0.0 16.0625)
  (90.198 52.6163 -40.9387 -75.8025 29.8013 0.0 0.0 0.0 0.0 67.7025 2.90249 -0.13501 -24.3337 0.0 0.0 0.0 0.0 0.0 16.0625)
  (90.581 -23.0175 -76.5112 -70.74 123.356 0.0 0.0 0.0 0.0 23.0175 76.5112 70.74 123.356 0.0 0.0 0.0 0.0 0.0 -16.0625)
  (90.976 -126.596 -5.46749 -0.13499 -42.8625 0.0 0.0 0.0 0.0 37.395 16.0987 -54.2025 -93.8587 0.0 0.0 0.0 0.0 0.0 16.0625)
  (91.324 -92.6437 -56.0925 -75.8025 48.2625 0.0 0.0 0.0 0.0 -52.6163 40.9387 75.8025 29.8013 0.0 0.0 0.0 0.0 0.0 16.0625)
  (91.684 -80.19 -93.9262 -1.48499 -115.087 0.0 0.0 0.0 0.0 92.9812 75.87 -2.39626 -50.8275 0.0 0.0 0.0 0.0 0.0 -32.0625)
  (92.079 -30.2062 -2.90249 0.13501 -24.6712 0.0 0.0 0.0 0.0 92.9812 79.0425 -2.09251 -4.11749 0.0 0.0 0.0 0.0 0.0 16.0625)
  (92.45 -79.5487 5.09626 -1.48499 -115.087 0.0 0.0 0.0 0.0 67.7025 2.90249 -0.13501 -24.3337 0.0 0.0 0.0 0.0 0.0 -16.0625)
  (92.822 -126.596 -5.46749 -0.13499 -42.8625 0.0 0.0 0.0 0.0 -52.6163 40.9387 75.8025 29.8013 0.0 0.0 0.0 0.0 0.0 16.0625)
  (93.193 -80.19 -93.9262 -1.48499 -115.087 0.0 0.0 0.0 0.0 92.9812 75.87 -2.39626 -50.8275 0.0 0.0 0.0 0.0 0.0 -32.0625)
  (93.576 -30.2062 -2.90249 0.13501 -24.6712 0.0 0.0 0.0 0.0 92.9812 79.0425 -2.09251 -4.11749 0.0 0.0 0.0 0.0 0.0 16.0625)
  (93.96 -79.5487 5.09626 -1.48499 -115.087 0.0 0.0 0.0 0.0 67.7025 2.90249 -0.13501 -24.3337 0.0 0.0 0.0 0.0 0.0 -16.0625)
  (94.331 -126.596 -5.46749 -0.13499 -42.8625 0.0 0.0 0.0 0.0 -52.6163 40.9387 75.8025 29.8013 0.0 0.0 0.0 0.0 0.0 16.0625)
  (94.703 -23.0175 -76.5112 -70.74 123.356 0.0 0.0 0.0 0.0 80.19 93.9262 1.48499 -115.087 0.0 0.0 0.0 0.0 -24.9075 16.0625)
  (95.074 -92.9812 -79.0425 2.09251 -4.11749 0.0 0.0 0.0 0.0 92.9812 78.7387 -2.39626 86.4338 0.0 0.0 0.0 0.0 0.0 16.0625)
  (95.446 -67.7025 -2.90249 0.13501 -24.3337 0.0 0.0 0.0 0.0 23.0175 76.5112 70.74 123.356 0.0 0.0 0.0 0.0 0.0 16.0625)
  (95.829 -79.5487 5.09626 -1.48499 -115.087 0.0 0.0 0.0 0.0 23.0175 76.5112 70.74 123.356 0.0 0.0 0.0 0.0 0.0 16.0625)
  (96.212 -23.0175 -76.5112 -70.74 123.356 0.0 0.0 0.0 0.0 80.19 93.9262 1.48499 -115.087 0.0 0.0 0.0 0.0 -24.9075 16.0625)
  (96.572 -92.9812 -79.0425 2.09251 -4.11749 0.0 0.0 0.0 0.0 92.9812 78.7387 -2.39626 86.4338 0.0 0.0 0.0 0.0 0.0 16.0625)
  (96.955 -67.7025 -2.90249 0.13501 -24.3337 0.0 0.0 0.0 0.0 23.0175 76.5112 70.74 123.356 0.0 0.0 0.0 0.0 0.0 16.0625)
  (97.338 -79.5487 5.09626 -1.48499 -115.087 0.0 0.0 0.0 0.0 23.0175 76.5112 70.74 123.356 0.0 0.0 0.0 0.0 0.0 16.0625)
  (97.71 -80.19 -93.9262 -1.48499 -115.087 0.0 0.0 0.0 0.0 37.395 16.0987 -54.2025 -93.8587 0.0 0.0 0.0 0.0 79.3463 16.0625)
  (98.081 -23.0175 -76.5112 -70.74 123.356 0.0 0.0 0.0 0.0 86.9062 15.795 -49.68 -94.1625 0.0 0.0 0.0 0.0 0.0 16.0625)
  (98.453 -92.9812 -75.87 2.39626 -50.8275 0.0 0.0 0.0 0.0 95.2087 5.12999 -0.13501 -42.8625 0.0 0.0 0.0 0.0 0.0 16.0625)
  (98.824 -92.9812 -79.0425 2.09251 -4.11749 0.0 0.0 0.0 0.0 23.0175 76.5112 70.74 123.356 0.0 0.0 0.0 0.0 0.0 16.0625)
  (99.207 -80.19 -93.9262 -1.48499 -115.087 0.0 0.0 0.0 0.0 37.395 16.0987 -54.2025 -93.8587 0.0 0.0 0.0 0.0 79.3463 16.0625)
  (99.59 -23.0175 -76.5112 -70.74 123.356 0.0 0.0 0.0 0.0 86.9062 15.795 -49.68 -94.1625 0.0 0.0 0.0 0.0 0.0 16.0625)
  (99.95 -92.9812 -75.87 2.39626 -50.8275 0.0 0.0 0.0 0.0 95.2087 5.12999 -0.13501 -42.8625 0.0 0.0 0.0 0.0 0.0 16.0625)
  (100.333 -92.9812 -79.0425 2.09251 -4.11749 0.0 0.0 0.0 0.0 23.0175 76.5112 70.74 123.356 0.0 0.0 0.0 0.0 0.0 16.0625)
  (100.693 -92.9812 -75.87 2.39626 -50.8275 0.0 0.0 0.0 0.0 50.4562 -10.2263 76.1062 19.9125 0.0 0.0 0.0 0.0 0.0 16.0625)
  (101.076 -53.73 5.09626 -76.4437 21.2288 0.0 0.0 0.0 0.0 79.5487 -5.09626 1.48499 -115.087 0.0 0.0 0.0 0.0 0.0 16.0625)
  (101.46 -67.7025 -2.90249 0.13501 -24.3337 0.0 0.0 0.0 0.0 50.4562 -10.2263 76.1062 19.9125 0.0 0.0 0.0 0.0 0.0 16.0625)
  (101.831 -80.19 -93.9262 -1.48499 -115.087 0.0 0.0 0.0 0.0 86.9062 15.795 -49.68 -94.1625 0.0 0.0 0.0 0.0 0.0 16.0625)
  (102.191 -92.9812 -75.87 2.39626 -50.8275 0.0 0.0 0.0 0.0 50.4562 -10.2263 76.1062 19.9125 0.0 0.0 0.0 0.0 0.0 16.0625)
  (102.574 -53.73 5.09626 -76.4437 21.2288 0.0 0.0 0.0 0.0 79.5487 -5.09626 1.48499 -115.087 0.0 0.0 0.0 0.0 0.0 16.0625)
  (102.946 -67.7025 -2.90249 0.13501 -24.3337 0.0 0.0 0.0 0.0 50.4562 -10.2263 76.1062 19.9125 0.0 0.0 0.0 0.0 0.0 16.0625)
  (103.317 -80.19 -93.9262 -1.48499 -115.087 0.0 0.0 0.0 0.0 86.9062 15.795 -49.68 -94.1625 0.0 0.0 0.0 0.0 0.0 16.0625)
  (103.7 52.6163 -40.9387 -75.8025 29.8013 0.0 0.0 0.0 0.0 86.9062 15.795 -49.68 -94.1625 0.0 0.0 0.0 0.0 0.0 16.0625)
  (104.083 -95.2087 -5.12999 0.13501 -42.8625 0.0 0.0 0.0 0.0 86.9062 15.795 -49.68 -94.1625 0.0 0.0 0.0 0.0 0.0 16.0625)
  (104.455 52.6163 -40.9387 -75.8025 29.8013 0.0 0.0 0.0 0.0 23.0175 76.5112 70.74 123.356 0.0 0.0 0.0 0.0 0.0 16.0625)
  (104.826 -86.9062 -15.795 49.68 -94.1625 0.0 0.0 0.0 0.0 -52.6163 40.9387 75.8025 29.8013 0.0 0.0 0.0 0.0 0.0 16.0625)
  (105.21 52.6163 -40.9387 -75.8025 29.8013 0.0 0.0 0.0 0.0 86.9062 15.795 -49.68 -94.1625 0.0 0.0 0.0 0.0 0.0 16.0625)
  (105.57 -95.2087 -5.12999 0.13501 -42.8625 0.0 0.0 0.0 0.0 86.9062 15.795 -49.68 -94.1625 0.0 0.0 0.0 0.0 0.0 16.0625)
  (105.953 52.6163 -40.9387 -75.8025 29.8013 0.0 0.0 0.0 0.0 23.0175 76.5112 70.74 123.356 0.0 0.0 0.0 0.0 0.0 16.0625)
  (106.336 -86.9062 -15.795 49.68 -94.1625 0.0 0.0 0.0 0.0 -52.6163 40.9387 75.8025 29.8013 0.0 0.0 0.0 0.0 0.0 16.0625)
  (106.696 -37.395 -16.0987 54.2025 -93.8587 0.0 0.0 0.0 0.0 92.9812 75.87 -2.39626 -50.8275 0.0 0.0 0.0 0.0 0.0 16.0625)
  (107.09 -37.395 -16.0987 54.2025 -93.8587 0.0 0.0 0.0 0.0 37.395 16.0987 -54.2025 -93.8587 0.0 0.0 0.0 0.0 0.0 16.0625)
  (107.462 -80.19 -93.9262 -1.48499 -115.087 0.0 0.0 0.0 0.0 92.6437 56.0925 75.8025 48.2625 0.0 0.0 0.0 0.0 0.0 16.0625)
  (107.845 -95.2087 -5.12999 0.13501 -42.8625 0.0 0.0 0.0 0.0 37.395 16.0987 -54.2025 -93.8587 0.0 0.0 0.0 0.0 0.0 16.0625)
  (108.205 -37.395 -16.0987 54.2025 -93.8587 0.0 0.0 0.0 0.0 92.9812 75.87 -2.39626 -50.8275 0.0 0.0 0.0 0.0 0.0 16.0625)
  (108.588 -37.395 -16.0987 54.2025 -93.8587 0.0 0.0 0.0 0.0 37.395 16.0987 -54.2025 -93.8587 0.0 0.0 0.0 0.0 0.0 16.0625)
  (108.96 -80.19 -93.9262 -1.48499 -115.087 0.0 0.0 0.0 0.0 92.6437 56.0925 75.8025 48.2625 0.0 0.0 0.0 0.0 0.0 16.0625)
  (109.331 -95.2087 -5.12999 0.13501 -42.8625 0.0 0.0 0.0 0.0 37.395 16.0987 -54.2025 -93.8587 0.0 0.0 0.0 0.0 0.0 16.0625)
  (109.703 -92.9812 -78.7387 2.39626 86.4338 0.0 0.0 0.0 0.0 80.19 93.9262 1.48499 -115.087 0.0 0.0 0.0 0.0 0.0 16.0625)
  (110.086 -67.7025 -2.90249 0.13501 -24.3337 0.0 0.0 0.0 0.0 -52.6163 40.9387 75.8025 29.8013 0.0 0.0 0.0 0.0 0.0 16.0625)
  (110.457 -92.9812 -78.7387 2.39626 86.4338 0.0 0.0 0.0 0.0 30.2062 2.90249 -0.13501 -24.6712 0.0 0.0 0.0 0.0 0.0 16.0625)
  (110.829 -67.7025 -2.90249 0.13501 -24.3337 0.0 0.0 0.0 0.0 30.2062 2.90249 -0.13501 -24.6712 0.0 0.0 0.0 0.0 0.0 -16.0625)
  (111.189 -92.9812 -78.7387 2.39626 86.4338 0.0 0.0 0.0 0.0 80.19 93.9262 1.48499 -115.087 0.0 0.0 0.0 0.0 0.0 16.0625)
  (111.583 -67.7025 -2.90249 0.13501 -24.3337 0.0 0.0 0.0 0.0 -52.6163 40.9387 75.8025 29.8013 0.0 0.0 0.0 0.0 0.0 16.0625)
  (111.955 -92.9812 -78.7387 2.39626 86.4338 0.0 0.0 0.0 0.0 30.2062 2.90249 -0.13501 -24.6712 0.0 0.0 0.0 0.0 0.0 16.0625)
  (112.327 -67.7025 -2.90249 0.13501 -24.3337 0.0 0.0 0.0 0.0 30.2062 2.90249 -0.13501 -24.6712 0.0 0.0 0.0 0.0 0.0 -16.0625)
  (112.698 -92.9812 -75.87 2.39626 -50.8275 0.0 0.0 0.0 0.0 95.2087 5.12999 -0.13501 -42.8625 0.0 0.0 0.0 0.0 0.0 16.0625)
  (113.081 -92.9812 -75.87 2.39626 -50.8275 0.0 0.0 0.0 0.0 92.6437 56.0925 75.8025 48.2625 0.0 0.0 0.0 0.0 0.0 16.0625)
  (113.453 -92.9812 -78.7387 2.39626 86.4338 0.0 0.0 0.0 0.0 92.6437 56.0925 75.8025 48.2625 0.0 0.0 0.0 0.0 -44.685 16.0625)
  (113.824 -92.9812 -78.7387 2.39626 86.4338 0.0 0.0 0.0 0.0 95.2087 5.12999 -0.13501 -42.8625 0.0 0.0 0.0 0.0 -24.9075 16.0625)
  (114.184 -92.9812 -75.87 2.39626 -50.8275 0.0 0.0 0.0 0.0 95.2087 5.12999 -0.13501 -42.8625 0.0 0.0 0.0 0.0 0.0 16.0625)
  (114.579 -92.9812 -75.87 2.39626 -50.8275 0.0 0.0 0.0 0.0 92.6437 56.0925 75.8025 48.2625 0.0 0.0 0.0 0.0 0.0 16.0625)
  (114.95 -92.9812 -78.7387 2.39626 86.4338 0.0 0.0 0.0 0.0 92.6437 56.0925 75.8025 48.2625 0.0 0.0 0.0 0.0 -44.685 16.0625)
  (115.334 -92.9812 -78.7387 2.39626 86.4338 0.0 0.0 0.0 0.0 95.2087 5.12999 -0.13501 -42.8625 0.0 0.0 0.0 0.0 -24.9075 16.0625)
  (115.705 -53.73 5.09626 -76.4437 21.2288 0.0 0.0 0.0 0.0 86.9062 15.795 -49.68 -94.1625 0.0 0.0 0.0 0.0 0.0 16.0625)
  (116.077 -92.6437 -56.0925 -75.8025 48.2625 0.0 0.0 0.0 0.0 92.9812 75.87 -2.39626 -50.8275 0.0 0.0 0.0 0.0 79.3463 16.0625)
  (116.46 -92.9812 -78.7387 2.39626 86.4338 0.0 0.0 0.0 0.0 37.395 16.0987 -54.2025 -93.8587 0.0 0.0 0.0 0.0 0.0 0.0)
  (116.831 -95.2087 -5.12999 0.13501 -42.8625 0.0 0.0 0.0 0.0 67.7025 2.90249 -0.13501 -24.3337 0.0 0.0 0.0 0.0 -44.685 16.0625)
  (117.214 -53.73 5.09626 -76.4437 21.2288 0.0 0.0 0.0 0.0 86.9062 15.795 -49.68 -94.1625 0.0 0.0 0.0 0.0 0.0 16.0625)
  (117.609 -92.6437 -56.0925 -75.8025 48.2625 0.0 0.0 0.0 0.0 92.9812 75.87 -2.39626 -50.8275 0.0 0.0 0.0 0.0 79.3463 16.0625)
  (117.992 -92.9812 -78.7387 2.39626 86.4338 0.0 0.0 0.0 0.0 37.395 16.0987 -54.2025 -93.8587 0.0 0.0 0.0 0.0 0.0 0.0)
  (118.375 -95.2087 -5.12999 0.13501 -42.8625 0.0 0.0 0.0 0.0 67.7025 2.90249 -0.13501 -24.3337 0.0 0.0 0.0 0.0 -44.685 16.0625)
  (118.758 -37.395 -16.0987 54.2025 -93.8587 0.0 0.0 0.0 0.0 30.2062 2.90249 -0.13501 -24.6712 0.0 0.0 0.0 0.0 0.0 16.0625)
  (119.13 -95.2087 -5.12999 0.13501 -42.8625 0.0 0.0 0.0 0.0 95.2087 5.12999 -0.13501 -42.8625 0.0 0.0 0.0 0.0 -44.685 16.0625)
  (119.513 -92.9812 -78.7387 2.39626 86.4338 0.0 0.0 0.0 0.0 50.4562 -10.2263 76.1062 19.9125 0.0 0.0 0.0 0.0 0.0 16.0625)
  (119.861 -37.395 -16.0987 54.2025 -93.8587 0.0 0.0 0.0 0.0 92.9812 78.7387 -2.39626 86.4338 0.0 0.0 0.0 0.0 0.0 16.0625)
  (120.198 -37.395 -16.0987 54.2025 -93.8587 0.0 0.0 0.0 0.0 30.2062 2.90249 -0.13501 -24.6712 0.0 0.0 0.0 0.0 0.0 16.0625)
  (120.581 -95.2087 -5.12999 0.13501 -42.8625 0.0 0.0 0.0 0.0 95.2087 5.12999 -0.13501 -42.8625 0.0 0.0 0.0 0.0 -44.685 16.0625)
  (120.953 -92.9812 -78.7387 2.39626 86.4338 0.0 0.0 0.0 0.0 50.4562 -10.2263 76.1062 19.9125 0.0 0.0 0.0 0.0 0.0 16.0625)
  (121.336 -37.395 -16.0987 54.2025 -93.8587 0.0 0.0 0.0 0.0 92.9812 78.7387 -2.39626 86.4338 0.0 0.0 0.0 0.0 0.0 16.0625)
  (121.707 -92.9812 -78.7387 2.39626 86.4338 0.0 0.0 0.0 0.0 79.5487 -5.09626 1.48499 -115.087 0.0 0.0 0.0 0.0 0.0 16.0625)
  (122.079 -86.9062 -15.795 49.68 -94.1625 0.0 0.0 0.0 0.0 50.4562 -10.2263 76.1062 19.9125 0.0 0.0 0.0 0.0 0.0 16.0625)
  (122.45 -67.7025 -2.90249 0.13501 -24.3337 0.0 0.0 0.0 0.0 92.9812 78.7387 -2.39626 86.4338 0.0 0.0 0.0 0.0 44.685 16.0625)
  (122.822 -53.73 5.09626 -76.4437 21.2288 0.0 0.0 0.0 0.0 67.7025 2.90249 -0.13501 -24.3337 0.0 0.0 0.0 0.0 0.0 16.0625)
  (123.205 -92.9812 -78.7387 2.39626 86.4338 0.0 0.0 0.0 0.0 79.5487 -5.09626 1.48499 -115.087 0.0 0.0 0.0 0.0 0.0 16.0625)
  (123.577 -86.9062 -15.795 49.68 -94.1625 0.0 0.0 0.0 0.0 50.4562 -10.2263 76.1062 19.9125 0.0 0.0 0.0 0.0 0.0 16.0625)
  (123.96 -67.7025 -2.90249 0.13501 -24.3337 0.0 0.0 0.0 0.0 92.9812 78.7387 -2.39626 86.4338 0.0 0.0 0.0 0.0 44.685 16.0625)
  (124.331 -53.73 5.09626 -76.4437 21.2288 0.0 0.0 0.0 0.0 67.7025 2.90249 -0.13501 -24.3337 0.0 0.0 0.0 0.0 0.0 16.0625)
  (124.703 -53.73 5.09626 -76.4437 21.2288 0.0 0.0 0.0 0.0 23.0175 76.5112 70.74 123.356 0.0 0.0 0.0 0.0 0.0 16.0625)
  (125.074 -37.395 -16.0987 54.2025 -93.8587 0.0 0.0 0.0 0.0 -52.6163 40.9387 75.8025 29.8013 0.0 0.0 0.0 0.0 0.0 16.0625)
  (125.446 -30.2062 -2.90249 0.13501 -24.6712 0.0 0.0 0.0 0.0 37.395 16.0987 -54.2025 -93.8587 0.0 0.0 0.0 0.0 0.0 16.0625)
  (125.829 -95.2087 -5.12999 0.13501 -42.8625 0.0 0.0 0.0 0.0 79.5487 -5.09626 1.48499 -115.087 0.0 0.0 0.0 0.0 0.0 16.0625)
  (126.2 -53.73 5.09626 -76.4437 21.2288 0.0 0.0 0.0 0.0 23.0175 76.5112 70.74 123.356 0.0 0.0 0.0 0.0 0.0 16.0625)
  (126.572 -37.395 -16.0987 54.2025 -93.8587 0.0 0.0 0.0 0.0 -52.6163 40.9387 75.8025 29.8013 0.0 0.0 0.0 0.0 0.0 16.0625)
  (126.955 -30.2062 -2.90249 0.13501 -24.6712 0.0 0.0 0.0 0.0 37.395 16.0987 -54.2025 -93.8587 0.0 0.0 0.0 0.0 0.0 16.0625)
  (127.327 -95.2087 -5.12999 0.13501 -42.8625 0.0 0.0 0.0 0.0 79.5487 -5.09626 1.48499 -115.087 0.0 0.0 0.0 0.0 0.0 16.0625)
  (127.71 -86.9062 -15.795 49.68 -94.1625 0.0 0.0 0.0 0.0 -52.6163 40.9387 75.8025 29.8013 0.0 0.0 0.0 0.0 0.0 16.0625)
  (128.081 -92.9812 -75.87 2.39626 -50.8275 0.0 0.0 0.0 0.0 92.9812 78.7387 -2.39626 86.4338 0.0 0.0 0.0 0.0 0.0 16.0625)
  (128.453 -30.2062 -2.90249 0.13501 -24.6712 0.0 0.0 0.0 0.0 126.596 5.46749 0.13499 -42.8625 0.0 0.0 0.0 0.0 0.0 16.0625)
  (128.836 -37.395 -16.0987 54.2025 -93.8587 0.0 0.0 0.0 0.0 30.2062 2.90249 -0.13501 -24.6712 0.0 0.0 0.0 0.0 0.0 53.1563)
  (129.207 -86.9062 -15.795 49.68 -94.1625 0.0 0.0 0.0 0.0 -52.6163 40.9387 75.8025 29.8013 0.0 0.0 0.0 0.0 0.0 16.0625)
  (129.579 -92.9812 -75.87 2.39626 -50.8275 0.0 0.0 0.0 0.0 92.9812 78.7387 -2.39626 86.4338 0.0 0.0 0.0 0.0 0.0 16.0625)
  (129.962 -30.2062 -2.90249 0.13501 -24.6712 0.0 0.0 0.0 0.0 126.596 5.46749 0.13499 -42.8625 0.0 0.0 0.0 0.0 0.0 16.0625)
  (130.334 -37.395 -16.0987 54.2025 -93.8587 0.0 0.0 0.0 0.0 30.2062 2.90249 -0.13501 -24.6712 0.0 0.0 0.0 0.0 0.0 53.1563)
  (130.705 -30.2062 -2.90249 0.13501 -24.6712 0.0 0.0 0.0 0.0 92.6437 56.0925 75.8025 48.2625 0.0 0.0 0.0 0.0 0.0 16.0625)
  (131.077 -92.6437 -56.0925 -75.8025 48.2625 0.0 0.0 0.0 0.0 79.5487 -5.09626 1.48499 -115.087 0.0 0.0 0.0 0.0 0.0 16.0625)
  (131.448 -23.0175 -76.5112 -70.74 123.356 0.0 0.0 0.0 0.0 126.596 5.46749 0.13499 -42.8625 0.0 0.0 0.0 0.0 0.0 16.0625)
  (131.831 -92.9812 -78.7387 2.39626 86.4338 0.0 0.0 0.0 0.0 86.9062 15.795 -49.68 -94.1625 0.0 0.0 0.0 0.0 0.0 16.0625)
  (132.203 -30.2062 -2.90249 0.13501 -24.6712 0.0 0.0 0.0 0.0 92.6437 56.0925 75.8025 48.2625 0.0 0.0 0.0 0.0 0.0 16.0625)
  (132.563 -92.6437 -56.0925 -75.8025 48.2625 0.0 0.0 0.0 0.0 79.5487 -5.09626 1.48499 -115.087 0.0 0.0 0.0 0.0 0.0 16.0625)
  (132.946 -23.0175 -76.5112 -70.74 123.356 0.0 0.0 0.0 0.0 126.596 5.46749 0.13499 -42.8625 0.0 0.0 0.0 0.0 0.0 16.0625)
  (133.329 -92.9812 -78.7387 2.39626 86.4338 0.0 0.0 0.0 0.0 86.9062 15.795 -49.68 -94.1625 0.0 0.0 0.0 0.0 0.0 16.0625)
  (133.689 -80.19 -93.9262 -1.48499 -115.087 0.0 0.0 0.0 0.0 50.4562 -10.2263 76.1062 19.9125 0.0 0.0 0.0 0.0 0.0 16.0625)
  (134.049 -86.9062 -15.795 49.68 -94.1625 0.0 0.0 0.0 0.0 30.2062 2.90249 -0.13501 -24.6712 0.0 0.0 0.0 0.0 0.0 -16.0625)
  (134.42 -126.596 -5.46749 -0.13499 -42.8625 0.0 0.0 0.0 0.0 92.9812 78.7387 -2.39626 86.4338 0.0 0.0 0.0 0.0 0.0 16.0625)
  (134.792 -95.2087 -5.12999 0.13501 -42.8625 0.0 0.0 0.0 0.0 92.9812 75.87 -2.39626 -50.8275 0.0 0.0 0.0 0.0 0.0 16.0625)
  (135.163 -80.19 -93.9262 -1.48499 -115.087 0.0 0.0 0.0 0.0 50.4562 -10.2263 76.1062 19.9125 0.0 0.0 0.0 0.0 0.0 16.0625)
  (135.535 -86.9062 -15.795 49.68 -94.1625 0.0 0.0 0.0 0.0 30.2062 2.90249 -0.13501 -24.6712 0.0 0.0 0.0 0.0 0.0 -16.0625)
  (135.906 -126.596 -5.46749 -0.13499 -42.8625 0.0 0.0 0.0 0.0 92.9812 78.7387 -2.39626 86.4338 0.0 0.0 0.0 0.0 0.0 16.0625)
  (136.29 -95.2087 -5.12999 0.13501 -42.8625 0.0 0.0 0.0 0.0 92.9812 75.87 -2.39626 -50.8275 0.0 0.0 0.0 0.0 0.0 16.0625)
  (136.673 -92.6437 -56.0925 -75.8025 48.2625 0.0 0.0 0.0 0.0 86.9062 15.795 -49.68 -94.1625 0.0 0.0 0.0 0.0 0.0 16.0625)
  (137.056 -92.9812 -75.87 2.39626 -50.8275 0.0 0.0 0.0 0.0 86.9062 15.795 -49.68 -94.1625 0.0 0.0 0.0 0.0 0.0 16.0625)
  (137.427 -79.5487 5.09626 -1.48499 -115.087 0.0 0.0 0.0 0.0 86.9062 15.795 -49.68 -94.1625 0.0 0.0 0.0 0.0 0.0 16.0625)
  (137.799 -79.5487 5.09626 -1.48499 -115.087 0.0 0.0 0.0 0.0 86.9062 15.795 -49.68 -94.1625 0.0 0.0 0.0 0.0 0.0 16.0625)
  (138.182 -92.6437 -56.0925 -75.8025 48.2625 0.0 0.0 0.0 0.0 86.9062 15.795 -49.68 -94.1625 0.0 0.0 0.0 0.0 0.0 16.0625)
  (138.553 -92.9812 -75.87 2.39626 -50.8275 0.0 0.0 0.0 0.0 86.9062 15.795 -49.68 -94.1625 0.0 0.0 0.0 0.0 0.0 16.0625)
  (138.925 -79.5487 5.09626 -1.48499 -115.087 0.0 0.0 0.0 0.0 86.9062 15.795 -49.68 -94.1625 0.0 0.0 0.0 0.0 0.0 16.0625)
  (139.297 -79.5487 5.09626 -1.48499 -115.087 0.0 0.0 0.0 0.0 86.9062 15.795 -49.68 -94.1625 0.0 0.0 0.0 0.0 0.0 16.0625)
  (139.68 -92.6437 -56.0925 -75.8025 48.2625 0.0 0.0 0.0 0.0 92.9812 75.87 -2.39626 -50.8275 0.0 0.0 0.0 0.0 0.0 16.0625)
  (140.051 -37.395 -16.0987 54.2025 -93.8587 0.0 0.0 0.0 0.0 67.7025 2.90249 -0.13501 -24.3337 0.0 0.0 0.0 0.0 0.0 16.0625)
  (140.434 -86.9062 -15.795 49.68 -94.1625 0.0 0.0 0.0 0.0 92.9812 78.7387 -2.39626 86.4338 0.0 0.0 0.0 0.0 -44.685 16.0625)
  (140.806 -92.9812 -79.0425 2.09251 -4.11749 0.0 0.0 0.0 0.0 92.9812 79.0425 -2.09251 -4.11749 0.0 0.0 0.0 0.0 0.0 53.1563)
  (141.177 -92.6437 -56.0925 -75.8025 48.2625 0.0 0.0 0.0 0.0 92.9812 75.87 -2.39626 -50.8275 0.0 0.0 0.0 0.0 0.0 16.0625)
  (141.549 -37.395 -16.0987 54.2025 -93.8587 0.0 0.0 0.0 0.0 67.7025 2.90249 -0.13501 -24.3337 0.0 0.0 0.0 0.0 0.0 16.0625)
  (141.92 -86.9062 -15.795 49.68 -94.1625 0.0 0.0 0.0 0.0 92.9812 78.7387 -2.39626 86.4338 0.0 0.0 0.0 0.0 -44.685 16.0625)
  (142.292 -92.9812 -79.0425 2.09251 -4.11749 0.0 0.0 0.0 0.0 92.9812 79.0425 -2.09251 -4.11749 0.0 0.0 0.0 0.0 0.0 53.1563)
  (142.663 -67.7025 -2.90249 0.13501 -24.3337 0.0 0.0 0.0 0.0 95.2087 5.12999 -0.13501 -42.8625 0.0 0.0 0.0 0.0 0.0 16.0625)
  (143.047 -92.6437 -56.0925 -75.8025 48.2625 0.0 0.0 0.0 0.0 126.596 5.46749 0.13499 -42.8625 0.0 0.0 0.0 0.0 0.0 16.0625)
  (143.43 -86.9062 -15.795 49.68 -94.1625 0.0 0.0 0.0 0.0 30.2062 2.90249 -0.13501 -24.6712 0.0 0.0 0.0 0.0 0.0 16.0625)
  (143.801 -30.2062 -2.90249 0.13501 -24.6712 0.0 0.0 0.0 0.0 92.9812 78.7387 -2.39626 86.4338 0.0 0.0 0.0 0.0 -24.9075 16.0625)
  (144.173 -67.7025 -2.90249 0.13501 -24.3337 0.0 0.0 0.0 0.0 95.2087 5.12999 -0.13501 -42.8625 0.0 0.0 0.0 0.0 0.0 16.0625)
  (144.556 -92.6437 -56.0925 -75.8025 48.2625 0.0 0.0 0.0 0.0 126.596 5.46749 0.13499 -42.8625 0.0 0.0 0.0 0.0 0.0 16.0625)
  (144.939 -86.9062 -15.795 49.68 -94.1625 0.0 0.0 0.0 0.0 30.2062 2.90249 -0.13501 -24.6712 0.0 0.0 0.0 0.0 0.0 16.0625)
  (145.322 -30.2062 -2.90249 0.13501 -24.6712 0.0 0.0 0.0 0.0 92.9812 78.7387 -2.39626 86.4338 0.0 0.0 0.0 0.0 -24.9075 16.0625)
  (145.694 -86.9062 -15.795 49.68 -94.1625 0.0 0.0 0.0 0.0 79.5487 -5.09626 1.48499 -115.087 0.0 0.0 0.0 0.0 -44.685 16.0625)
  (146.077 -92.9812 -75.87 2.39626 -50.8275 0.0 0.0 0.0 0.0 86.9062 15.795 -49.68 -94.1625 0.0 0.0 0.0 0.0 79.3463 16.0625)
  (146.46 -126.596 -5.46749 -0.13499 -42.8625 0.0 0.0 0.0 0.0 126.596 5.46749 0.13499 -42.8625 0.0 0.0 0.0 0.0 -24.9075 16.0625)
  (146.831 -92.9812 -78.7387 2.39626 86.4338 0.0 0.0 0.0 0.0 23.0175 76.5112 70.74 123.356 0.0 0.0 0.0 0.0 0.0 16.0625)
  (147.203 -86.9062 -15.795 49.68 -94.1625 0.0 0.0 0.0 0.0 79.5487 -5.09626 1.48499 -115.087 0.0 0.0 0.0 0.0 -44.685 16.0625)
  (147.574 -92.9812 -75.87 2.39626 -50.8275 0.0 0.0 0.0 0.0 86.9062 15.795 -49.68 -94.1625 0.0 0.0 0.0 0.0 79.3463 16.0625)
  (147.946 -126.596 -5.46749 -0.13499 -42.8625 0.0 0.0 0.0 0.0 126.596 5.46749 0.13499 -42.8625 0.0 0.0 0.0 0.0 -24.9075 16.0625)
  (148.317 -92.9812 -78.7387 2.39626 86.4338 0.0 0.0 0.0 0.0 23.0175 76.5112 70.74 123.356 0.0 0.0 0.0 0.0 0.0 16.0625)
  (148.689 -92.6437 -56.0925 -75.8025 48.2625 0.0 0.0 0.0 0.0 126.596 5.46749 0.13499 -42.8625 0.0 0.0 0.0 0.0 0.0 16.0625)
  (149.06 -79.5487 5.09626 -1.48499 -115.087 0.0 0.0 0.0 0.0 86.9062 15.795 -49.68 -94.1625 0.0 0.0 0.0 0.0 0.0 16.0625)
  (149.432 -53.73 5.09626 -76.4437 21.2288 0.0 0.0 0.0 0.0 30.2062 2.90249 -0.13501 -24.6712 0.0 0.0 0.0 0.0 0.0 16.0625)
  (149.804 -37.395 -16.0987 54.2025 -93.8587 0.0 0.0 0.0 0.0 37.395 16.0987 -54.2025 -93.8587 0.0 0.0 0.0 0.0 0.0 16.0625)
  (150.175 -92.6437 -56.0925 -75.8025 48.2625 0.0 0.0 0.0 0.0 126.596 5.46749 0.13499 -42.8625 0.0 0.0 0.0 0.0 0.0 16.0625)
  (150.547 -79.5487 5.09626 -1.48499 -115.087 0.0 0.0 0.0 0.0 86.9062 15.795 -49.68 -94.1625 0.0 0.0 0.0 0.0 0.0 16.0625)
  (150.93 -53.73 5.09626 -76.4437 21.2288 0.0 0.0 0.0 0.0 30.2062 2.90249 -0.13501 -24.6712 0.0 0.0 0.0 0.0 0.0 16.0625)
  (151.313 -37.395 -16.0987 54.2025 -93.8587 0.0 0.0 0.0 0.0 37.395 16.0987 -54.2025 -93.8587 0.0 0.0 0.0 0.0 0.0 16.0625)
  (151.696 -67.7025 -2.90249 0.13501 -24.3337 0.0 0.0 0.0 0.0 79.5487 -5.09626 1.48499 -115.087 0.0 0.0 0.0 0.0 0.0 16.0625)
  (152.079 -79.5487 5.09626 -1.48499 -115.087 0.0 0.0 0.0 0.0 95.2087 5.12999 -0.13501 -42.8625 0.0 0.0 0.0 0.0 0.0 16.0625)
  (152.451 -86.9062 -15.795 49.68 -94.1625 0.0 0.0 0.0 0.0 79.5487 -5.09626 1.48499 -115.087 0.0 0.0 0.0 0.0 0.0 16.0625)
  (152.834 52.6163 -40.9387 -75.8025 29.8013 0.0 0.0 0.0 0.0 80.19 93.9262 1.48499 -115.087 0.0 0.0 0.0 0.0 0.0 16.0625)
  (153.205 -67.7025 -2.90249 0.13501 -24.3337 0.0 0.0 0.0 0.0 79.5487 -5.09626 1.48499 -115.087 0.0 0.0 0.0 0.0 0.0 16.0625)
  (153.588 -79.5487 5.09626 -1.48499 -115.087 0.0 0.0 0.0 0.0 95.2087 5.12999 -0.13501 -42.8625 0.0 0.0 0.0 0.0 0.0 16.0625)
  (153.96 -86.9062 -15.795 49.68 -94.1625 0.0 0.0 0.0 0.0 79.5487 -5.09626 1.48499 -115.087 0.0 0.0 0.0 0.0 0.0 16.0625)
  (154.331 52.6163 -40.9387 -75.8025 29.8013 0.0 0.0 0.0 0.0 80.19 93.9262 1.48499 -115.087 0.0 0.0 0.0 0.0 0.0 16.0625)
  (154.703 -92.9812 -78.7387 2.39626 86.4338 0.0 0.0 0.0 0.0 30.2062 2.90249 -0.13501 -24.6712 0.0 0.0 0.0 0.0 0.0 16.0625)
  (155.086 52.6163 -40.9387 -75.8025 29.8013 0.0 0.0 0.0 0.0 92.9812 75.87 -2.39626 -50.8275 0.0 0.0 0.0 0.0 0.0 16.0625)
  (155.469 -92.9812 -79.0425 2.09251 -4.11749 0.0 0.0 0.0 0.0 -52.6163 40.9387 75.8025 29.8013 0.0 0.0 0.0 0.0 0.0 16.0625)
  (155.841 -126.596 -5.46749 -0.13499 -42.8625 0.0 0.0 0.0 0.0 30.2062 2.90249 -0.13501 -24.6712 0.0 0.0 0.0 0.0 0.0 -32.0625)
  (156.201 -92.9812 -78.7387 2.39626 86.4338 0.0 0.0 0.0 0.0 30.2062 2.90249 -0.13501 -24.6712 0.0 0.0 0.0 0.0 0.0 16.0625)
  (156.572 52.6163 -40.9387 -75.8025 29.8013 0.0 0.0 0.0 0.0 92.9812 75.87 -2.39626 -50.8275 0.0 0.0 0.0 0.0 0.0 16.0625)
  (156.944 -92.9812 -79.0425 2.09251 -4.11749 0.0 0.0 0.0 0.0 -52.6163 40.9387 75.8025 29.8013 0.0 0.0 0.0 0.0 0.0 16.0625)
  (157.327 -126.596 -5.46749 -0.13499 -42.8625 0.0 0.0 0.0 0.0 30.2062 2.90249 -0.13501 -24.6712 0.0 0.0 0.0 0.0 0.0 -32.0625)
  (157.71 -95.2087 -5.12999 0.13501 -42.8625 0.0 0.0 0.0 0.0 67.7025 2.90249 -0.13501 -24.3337 0.0 0.0 0.0 0.0 0.0 16.0625)
  (158.081 -30.2062 -2.90249 0.13501 -24.6712 0.0 0.0 0.0 0.0 30.2062 2.90249 -0.13501 -24.6712 0.0 0.0 0.0 0.0 0.0 16.0625)
  (158.453 -80.19 -93.9262 -1.48499 -115.087 0.0 0.0 0.0 0.0 92.9812 75.87 -2.39626 -50.8275 0.0 0.0 0.0 0.0 0.0 16.0625)
  (158.824 -53.73 5.09626 -76.4437 21.2288 0.0 0.0 0.0 0.0 50.4562 -10.2263 76.1062 19.9125 0.0 0.0 0.0 0.0 0.0 16.0625)
  (159.196 -95.2087 -5.12999 0.13501 -42.8625 0.0 0.0 0.0 0.0 67.7025 2.90249 -0.13501 -24.3337 0.0 0.0 0.0 0.0 0.0 16.0625)
  (159.579 -30.2062 -2.90249 0.13501 -24.6712 0.0 0.0 0.0 0.0 30.2062 2.90249 -0.13501 -24.6712 0.0 0.0 0.0 0.0 0.0 16.0625)
  (159.951 -80.19 -93.9262 -1.48499 -115.087 0.0 0.0 0.0 0.0 92.9812 75.87 -2.39626 -50.8275 0.0 0.0 0.0 0.0 0.0 16.0625)
  (160.334 -53.73 5.09626 -76.4437 21.2288 0.0 0.0 0.0 0.0 50.4562 -10.2263 76.1062 19.9125 0.0 0.0 0.0 0.0 0.0 16.0625)
  (160.705 -92.6437 -56.0925 -75.8025 48.2625 0.0 0.0 0.0 0.0 86.9062 15.795 -49.68 -94.1625 0.0 0.0 0.0 0.0 0.0 16.0625)
  (161.077 -79.5487 5.09626 -1.48499 -115.087 0.0 0.0 0.0 0.0 23.0175 76.5112 70.74 123.356 0.0 0.0 0.0 0.0 0.0 16.0625)
  (161.448 52.6163 -40.9387 -75.8025 29.8013 0.0 0.0 0.0 0.0 67.7025 2.90249 -0.13501 -24.3337 0.0 0.0 0.0 0.0 0.0 16.0625)
  (161.831 -30.2062 -2.90249 0.13501 -24.6712 0.0 0.0 0.0 0.0 92.9812 75.87 -2.39626 -50.8275 0.0 0.0 0.0 0.0 0.0 16.0625)
  (162.203 -92.6437 -56.0925 -75.8025 48.2625 0.0 0.0 0.0 0.0 86.9062 15.795 -49.68 -94.1625 0.0 0.0 0.0 0.0 0.0 16.0625)
  (162.586 -79.5487 5.09626 -1.48499 -115.087 0.0 0.0 0.0 0.0 23.0175 76.5112 70.74 123.356 0.0 0.0 0.0 0.0 0.0 16.0625)
  (162.969 52.6163 -40.9387 -75.8025 29.8013 0.0 0.0 0.0 0.0 67.7025 2.90249 -0.13501 -24.3337 0.0 0.0 0.0 0.0 0.0 16.0625)
  (163.341 -30.2062 -2.90249 0.13501 -24.6712 0.0 0.0 0.0 0.0 92.9812 75.87 -2.39626 -50.8275 0.0 0.0 0.0 0.0 0.0 16.0625)
  (163.689 -80.19 -93.9262 -1.48499 -115.087 0.0 0.0 0.0 0.0 92.9812 78.7387 -2.39626 86.4338 0.0 0.0 0.0 0.0 0.0 16.0625)
  (164.072 -79.5487 5.09626 -1.48499 -115.087 0.0 0.0 0.0 0.0 92.9812 79.0425 -2.09251 -4.11749 0.0 0.0 0.0 0.0 0.0 16.0625)
  (164.467 -79.5487 5.09626 -1.48499 -115.087 0.0 0.0 0.0 0.0 92.6437 56.0925 75.8025 48.2625 0.0 0.0 0.0 0.0 0.0 16.0625)
  (164.827 52.6163 -40.9387 -75.8025 29.8013 0.0 0.0 0.0 0.0 79.5487 -5.09626 1.48499 -115.087 0.0 0.0 0.0 0.0 0.0 16.0625)
  (165.21 -80.19 -93.9262 -1.48499 -115.087 0.0 0.0 0.0 0.0 92.9812 78.7387 -2.39626 86.4338 0.0 0.0 0.0 0.0 0.0 16.0625)
  (165.593 -79.5487 5.09626 -1.48499 -115.087 0.0 0.0 0.0 0.0 92.9812 79.0425 -2.09251 -4.11749 0.0 0.0 0.0 0.0 0.0 16.0625)
  (165.953 -79.5487 5.09626 -1.48499 -115.087 0.0 0.0 0.0 0.0 92.6437 56.0925 75.8025 48.2625 0.0 0.0 0.0 0.0 0.0 16.0625)
  (166.336 52.6163 -40.9387 -75.8025 29.8013 0.0 0.0 0.0 0.0 79.5487 -5.09626 1.48499 -115.087 0.0 0.0 0.0 0.0 0.0 16.0625)
  (166.708 -92.6437 -56.0925 -75.8025 48.2625 0.0 0.0 0.0 0.0 95.2087 5.12999 -0.13501 -42.8625 0.0 0.0 0.0 0.0 0.0 16.0625)
  (167.091 -92.9812 -79.0425 2.09251 -4.11749 0.0 0.0 0.0 0.0 30.2062 2.90249 -0.13501 -24.6712 0.0 0.0 0.0 0.0 0.0 16.0625)
  (167.462 -95.2087 -5.12999 0.13501 -42.8625 0.0 0.0 0.0 0.0 -52.6163 40.9387 75.8025 29.8013 0.0 0.0 0.0 0.0 0.0 -32.0625)
  (167.834 -37.395 -16.0987 54.2025 -93.8587 0.0 0.0 0.0 0.0 92.6437 56.0925 75.8025 48.2625 0.0 0.0 0.0 0.0 0.0 16.0625)
  (168.205 -92.6437 -56.0925 -75.8025 48.2625 0.0 0.0 0.0 0.0 95.2087 5.12999 -0.13501 -42.8625 0.0 0.0 0.0 0.0 0.0 16.0625)
  (168.565 -92.9812 -79.0425 2.09251 -4.11749 0.0 0.0 0.0 0.0 30.2062 2.90249 -0.13501 -24.6712 0.0 0.0 0.0 0.0 0.0 16.0625)
  (168.925 -95.2087 -5.12999 0.13501 -42.8625 0.0 0.0 0.0 0.0 -52.6163 40.9387 75.8025 29.8013 0.0 0.0 0.0 0.0 0.0 -32.0625)
  (169.297 -37.395 -16.0987 54.2025 -93.8587 0.0 0.0 0.0 0.0 92.6437 56.0925 75.8025 48.2625 0.0 0.0 0.0 0.0 0.0 16.0625)
  (169.668 -67.7025 -2.90249 0.13501 -24.3337 0.0 0.0 0.0 0.0 92.9812 78.7387 -2.39626 86.4338 0.0 0.0 0.0 0.0 0.0 16.0625)
  (170.051 -95.2087 -5.12999 0.13501 -42.8625 0.0 0.0 0.0 0.0 50.4562 -10.2263 76.1062 19.9125 0.0 0.0 0.0 0.0 0.0 16.0625)
  (170.446 -37.395 -16.0987 54.2025 -93.8587 0.0 0.0 0.0 0.0 92.9812 78.7387 -2.39626 86.4338 0.0 0.0 0.0 0.0 79.3463 16.0625)
  (170.829 -92.9812 -78.7387 2.39626 86.4338 0.0 0.0 0.0 0.0 95.2087 5.12999 -0.13501 -42.8625 0.0 0.0 0.0 0.0 0.0 32.0625)
  (171.201 -67.7025 -2.90249 0.13501 -24.3337 0.0 0.0 0.0 0.0 92.9812 78.7387 -2.39626 86.4338 0.0 0.0 0.0 0.0 0.0 16.0625)
  (171.549 -95.2087 -5.12999 0.13501 -42.8625 0.0 0.0 0.0 0.0 50.4562 -10.2263 76.1062 19.9125 0.0 0.0 0.0 0.0 0.0 16.0625)
  (171.932 -37.395 -16.0987 54.2025 -93.8587 0.0 0.0 0.0 0.0 92.9812 78.7387 -2.39626 86.4338 0.0 0.0 0.0 0.0 79.3463 16.0625)
  (172.327 -92.9812 -78.7387 2.39626 86.4338 0.0 0.0 0.0 0.0 95.2087 5.12999 -0.13501 -42.8625 0.0 0.0 0.0 0.0 0.0 32.0625)
  (172.698 -23.0175 -76.5112 -70.74 123.356 0.0 0.0 0.0 0.0 92.6437 56.0925 75.8025 48.2625 0.0 0.0 0.0 0.0 0.0 16.0625)
  (173.07 -80.19 -93.9262 -1.48499 -115.087 0.0 0.0 0.0 0.0 92.9812 79.0425 -2.09251 -4.11749 0.0 0.0 0.0 0.0 0.0 16.0625)
  (173.441 -95.2087 -5.12999 0.13501 -42.8625 0.0 0.0 0.0 0.0 50.4562 -10.2263 76.1062 19.9125 0.0 0.0 0.0 0.0 0.0 16.0625)
  (173.825 -67.7025 -2.90249 0.13501 -24.3337 0.0 0.0 0.0 0.0 126.596 5.46749 0.13499 -42.8625 0.0 0.0 0.0 0.0 0.0 16.0625)
  (174.196 -23.0175 -76.5112 -70.74 123.356 0.0 0.0 0.0 0.0 92.6437 56.0925 75.8025 48.2625 0.0 0.0 0.0 0.0 0.0 16.0625)
  (174.591 -80.19 -93.9262 -1.48499 -115.087 0.0 0.0 0.0 0.0 92.9812 79.0425 -2.09251 -4.11749 0.0 0.0 0.0 0.0 0.0 16.0625)
  (174.974 -95.2087 -5.12999 0.13501 -42.8625 0.0 0.0 0.0 0.0 50.4562 -10.2263 76.1062 19.9125 0.0 0.0 0.0 0.0 0.0 16.0625)
  (175.345 -67.7025 -2.90249 0.13501 -24.3337 0.0 0.0 0.0 0.0 126.596 5.46749 0.13499 -42.8625 0.0 0.0 0.0 0.0 0.0 16.0625)
  (175.717 -30.2062 -2.90249 0.13501 -24.6712 0.0 0.0 0.0 0.0 92.9812 78.7387 -2.39626 86.4338 0.0 0.0 0.0 0.0 0.0 0.0)
  (176.089 -92.6437 -56.0925 -75.8025 48.2625 0.0 0.0 0.0 0.0 37.395 16.0987 -54.2025 -93.8587 0.0 0.0 0.0 0.0 0.0 16.0625)
  (176.46 -86.9062 -15.795 49.68 -94.1625 0.0 0.0 0.0 0.0 92.9812 78.7387 -2.39626 86.4338 0.0 0.0 0.0 0.0 0.0 16.0625)
  (176.832 -23.0175 -76.5112 -70.74 123.356 0.0 0.0 0.0 0.0 95.2087 5.12999 -0.13501 -42.8625 0.0 0.0 0.0 0.0 0.0 16.0625)
  (177.203 -30.2062 -2.90249 0.13501 -24.6712 0.0 0.0 0.0 0.0 92.9812 78.7387 -2.39626 86.4338 0.0 0.0 0.0 0.0 0.0 0.0)
  (177.586 -92.6437 -56.0925 -75.8025 48.2625 0.0 0.0 0.0 0.0 37.395 16.0987 -54.2025 -93.8587 0.0 0.0 0.0 0.0 0.0 16.0625)
  (177.958 -86.9062 -15.795 49.68 -94.1625 0.0 0.0 0.0 0.0 92.9812 78.7387 -2.39626 86.4338 0.0 0.0 0.0 0.0 0.0 16.0625)
  (178.329 -23.0175 -76.5112 -70.74 123.356 0.0 0.0 0.0 0.0 95.2087 5.12999 -0.13501 -42.8625 0.0 0.0 0.0 0.0 0.0 16.0625)
  (178.701 -86.9062 -15.795 49.68 -94.1625 0.0 0.0 0.0 0.0 92.9812 75.87 -2.39626 -50.8275 0.0 0.0 0.0 0.0 0.0 16.0625)
  (179.084 -37.395 -16.0987 54.2025 -93.8587 0.0 0.0 0.0 0.0 79.5487 -5.09626 1.48499 -115.087 0.0 0.0 0.0 0.0 0.0 16.0625)
  (179.455 -79.5487 5.09626 -1.48499 -115.087 0.0 0.0 0.0 0.0 30.2062 2.90249 -0.13501 -24.6712 0.0 0.0 0.0 0.0 0.0 0.0)
  (179.839 -95.2087 -5.12999 0.13501 -42.8625 0.0 0.0 0.0 0.0 -52.6163 40.9387 75.8025 29.8013 0.0 0.0 0.0 0.0 -24.9075 16.0625)
  (180.198 -86.9062 -15.795 49.68 -94.1625 0.0 0.0 0.0 0.0 92.9812 75.87 -2.39626 -50.8275 0.0 0.0 0.0 0.0 0.0 16.0625)
  (180.593 -37.395 -16.0987 54.2025 -93.8587 0.0 0.0 0.0 0.0 79.5487 -5.09626 1.48499 -115.087 0.0 0.0 0.0 0.0 0.0 16.0625)
  (180.953 -79.5487 5.09626 -1.48499 -115.087 0.0 0.0 0.0 0.0 30.2062 2.90249 -0.13501 -24.6712 0.0 0.0 0.0 0.0 0.0 0.0)
  (181.325 -95.2087 -5.12999 0.13501 -42.8625 0.0 0.0 0.0 0.0 -52.6163 40.9387 75.8025 29.8013 0.0 0.0 0.0 0.0 -24.9075 16.0625)
  (181.696 -80.19 -93.9262 -1.48499 -115.087 0.0 0.0 0.0 0.0 -52.6163 40.9387 75.8025 29.8013 0.0 0.0 0.0 0.0 0.0 16.0625)
  (182.091 -86.9062 -15.795 49.68 -94.1625 0.0 0.0 0.0 0.0 95.2087 5.12999 -0.13501 -42.8625 0.0 0.0 0.0 0.0 0.0 16.0625)
  (182.462 -92.9812 -79.0425 2.09251 -4.11749 0.0 0.0 0.0 0.0 92.6437 56.0925 75.8025 48.2625 0.0 0.0 0.0 0.0 0.0 16.0625)
  (182.834 -37.395 -16.0987 54.2025 -93.8587 0.0 0.0 0.0 0.0 79.5487 -5.09626 1.48499 -115.087 0.0 0.0 0.0 0.0 0.0 16.0625)
  (183.205 -80.19 -93.9262 -1.48499 -115.087 0.0 0.0 0.0 0.0 -52.6163 40.9387 75.8025 29.8013 0.0 0.0 0.0 0.0 0.0 16.0625)
  (183.577 -86.9062 -15.795 49.68 -94.1625 0.0 0.0 0.0 0.0 95.2087 5.12999 -0.13501 -42.8625 0.0 0.0 0.0 0.0 0.0 16.0625)
  (183.948 -92.9812 -79.0425 2.09251 -4.11749 0.0 0.0 0.0 0.0 92.6437 56.0925 75.8025 48.2625 0.0 0.0 0.0 0.0 0.0 16.0625)
  (184.308 -37.395 -16.0987 54.2025 -93.8587 0.0 0.0 0.0 0.0 79.5487 -5.09626 1.48499 -115.087 0.0 0.0 0.0 0.0 0.0 16.0625)
  (184.692 -86.9062 -15.795 49.68 -94.1625 0.0 0.0 0.0 0.0 92.6437 56.0925 75.8025 48.2625 0.0 0.0 0.0 0.0 0.0 16.0625)
  (185.086 -30.2062 -2.90249 0.13501 -24.6712 0.0 0.0 0.0 0.0 95.2087 5.12999 -0.13501 -42.8625 0.0 0.0 0.0 0.0 0.0 16.0625)
  (185.458 -79.5487 5.09626 -1.48499 -115.087 0.0 0.0 0.0 0.0 92.9812 78.7387 -2.39626 86.4338 0.0 0.0 0.0 0.0 0.0 32.0625)
  (185.841 52.6163 -40.9387 -75.8025 29.8013 0.0 0.0 0.0 0.0 30.2062 2.90249 -0.13501 -24.6712 0.0 0.0 0.0 0.0 -44.685 16.0625)
  (186.212 -86.9062 -15.795 49.68 -94.1625 0.0 0.0 0.0 0.0 92.6437 56.0925 75.8025 48.2625 0.0 0.0 0.0 0.0 0.0 16.0625)
  (186.596 -30.2062 -2.90249 0.13501 -24.6712 0.0 0.0 0.0 0.0 95.2087 5.12999 -0.13501 -42.8625 0.0 0.0 0.0 0.0 0.0 16.0625)
  (186.967 -79.5487 5.09626 -1.48499 -115.087 0.0 0.0 0.0 0.0 92.9812 78.7387 -2.39626 86.4338 0.0 0.0 0.0 0.0 0.0 32.0625)
  (187.339 52.6163 -40.9387 -75.8025 29.8013 0.0 0.0 0.0 0.0 30.2062 2.90249 -0.13501 -24.6712 0.0 0.0 0.0 0.0 -44.685 16.0625)
  (187.699 -92.9812 -75.87 2.39626 -50.8275 0.0 0.0 0.0 0.0 92.9812 75.87 -2.39626 -50.8275 0.0 0.0 0.0 0.0 0.0 16.0625)
  (188.836 -53.73 5.09626 -76.4437 21.2288 0.0 0.0 0.0 0.0 92.9812 75.87 -2.39626 -50.8275 0.0 0.0 0.0 0.0 0.0 16.0625)
  (187.699 -92.9812 -75.87 2.39626 -50.8275 0.0 0.0 0.0 0.0 92.9812 75.87 -2.39626 -50.8275 0.0 0.0 0.0 0.0 0.0 16.0625)
  (188.836 -53.73 5.09626 -76.4437 21.2288 0.0 0.0 0.0 0.0 92.9812 75.87 -2.39626 -50.8275 0.0 0.0 0.0 0.0 0.0 16.0625)
))

(setq beat-times '(1.695 2.07 2.445 2.82 3.195 3.57 3.945 4.32 4.695 5.07 5.445 5.82 6.195 6.57 6.945 7.32 7.695 8.07 8.445 8.82 9.195 9.57 9.945 10.32 10.695 11.07 11.445 11.82 12.195 12.57 12.945 13.32 13.696 14.071 14.446 14.821 15.196 15.571 15.946 16.321 16.696 17.071 17.446 17.821 18.196 18.571 18.946 19.321 19.696 20.071 20.446 20.821 21.196 21.571 21.946 22.321 22.696 23.071 23.446 23.821 24.196 24.571 24.946 25.321 25.696 26.071 26.446 26.821 27.196 27.571 27.946 28.321 28.696 29.071 29.455 29.826 30.209 30.581 30.952 31.335 31.707 32.067 32.45 32.833 33.193 33.576 33.948 34.331 34.702 35.085 35.457 35.84 36.188 36.583 36.955 37.326 37.698 38.081 38.452 38.835 39.195 39.578 39.95 40.333 40.705 41.076 41.459 41.831 42.214 42.585 42.957 43.328 43.7 44.071 44.455 44.826 45.209 45.592 45.964 46.335 46.707 47.078 47.45 47.821 48.205 48.576 48.948 49.319 49.691 50.062 50.434 50.805 51.177 51.56 51.943 52.326 52.698 53.069 53.441 53.824 54.195 54.602 54.962 55.356 55.728 56.076 56.459 56.831 57.202 57.585 57.957 58.34 58.712 59.06 59.42 59.838 60.209 60.592 60.952 61.336 61.73 62.102 62.45 62.833 63.193 63.588 63.959 64.331 64.714 65.086 65.457 65.829 66.2 66.583 66.955 67.326 67.721 68.093 68.452 68.836 69.195 69.579 69.962 70.333 70.705 71.076 71.448 71.831 72.202 72.574 72.957 73.317 73.7 74.083 74.455 74.838 75.209 75.581 75.952 76.336 76.719 77.102 77.473 77.845 78.216 78.6 78.983 79.343 79.714 80.086 80.457 80.84 81.223 81.595 81.966 82.338 82.709 83.093 83.464 83.836 84.207 84.579 84.95 85.322 85.693 86.076 86.448 86.819 87.191 87.562 87.934 88.305 88.677 89.06 89.432 89.815 90.198 90.581 90.976 91.324 91.684 92.079 92.45 92.822 93.193 93.576 93.96 94.331 94.703 95.074 95.446 95.829 96.212 96.572 96.955 97.338 97.71 98.081 98.453 98.824 99.207 99.59 99.95 100.333 100.693 101.076 101.46 101.831 102.191 102.574 102.946 103.317 103.7 104.083 104.455 104.826 105.21 105.57 105.953 106.336 106.696 107.09 107.462 107.845 108.205 108.588 108.96 109.331 109.703 110.086 110.457 110.829 111.189 111.583 111.955 112.327 112.698 113.081 113.453 113.824 114.184 114.579 114.95 115.334 115.705 116.077 116.46 116.831 117.214 117.609 117.992 118.375 118.758 119.13 119.513 119.861 120.198 120.581 120.953 121.336 121.707 122.079 122.45 122.822 123.205 123.577 123.96 124.331 124.703 125.074 125.446 125.829 126.2 126.572 126.955 127.327 127.71 128.081 128.453 128.836 129.207 129.579 129.962 130.334 130.705 131.077 131.448 131.831 132.203 132.563 132.946 133.329 133.689 134.049 134.42 134.792 135.163 135.535 135.906 136.29 136.673 137.056 137.427 137.799 138.182 138.553 138.925 139.297 139.68 140.051 140.434 140.806 141.177 141.549 141.92 142.292 142.663 143.047 143.43 143.801 144.173 144.556 144.939 145.322 145.694 146.077 146.46 146.831 147.203 147.574 147.946 148.317 148.689 149.06 149.432 149.804 150.175 150.547 150.93 151.313 151.696 152.079 152.451 152.834 153.205 153.588 153.96 154.331 154.703 155.086 155.469 155.841 156.201 156.572 156.944 157.327 157.71 158.081 158.453 158.824 159.196 159.579 159.951 160.334 160.705 161.077 161.448 161.831 162.203 162.586 162.969 163.341 163.689 164.072 164.467 164.827 165.21 165.593 165.953 166.336 166.708 167.091 167.462 167.834 168.205 168.565 168.925 169.297 169.668 170.051 170.446 170.829 171.201 171.549 171.932 172.327 172.698 173.07 173.441 173.825 174.196 174.591 174.974 175.345 175.717 176.089 176.46 176.832 177.203 177.586 177.958 178.329 178.701 179.084 179.455 179.839 180.198 180.593 180.953 181.325 181.696 182.091 182.462 182.834 183.205 183.577 183.948 184.308 184.692 185.086 185.458 185.841 186.212 186.596 186.967 187.339 187.699 188.453 188.836 189.219 189.962 190.322))

(setq smoothness 0.9)
