(setq beat-pose-dictionary '(
  (0.383 -80.19 -93.9262 -1.48499 -115.087 0.0 0.0 0.0 0.0 67.7025 2.90249 -0.13501 -24.3337 0.0 0.0 0.0 0.0 0.0 0.0)
  (0.801 -86.9062 -15.795 49.68 -94.1625 0.0 0.0 0.0 0.0 30.2062 2.90249 -0.13501 -24.6712 0.0 0.0 0.0 0.0 0.0 -16.0625)
  (1.207 -92.9812 -79.0425 2.09251 -4.11749 0.0 0.0 0.0 0.0 -52.6163 40.9387 75.8025 29.8013 0.0 0.0 0.0 0.0 0.0 0.0)
  (1.602 -80.19 -93.9262 -1.48499 -115.087 0.0 0.0 0.0 0.0 37.395 16.0987 -54.2025 -93.8587 0.0 0.0 0.0 0.0 0.0 -32.0625)
  (1.985 -80.19 -93.9262 -1.48499 -115.087 0.0 0.0 0.0 0.0 67.7025 2.90249 -0.13501 -24.3337 0.0 0.0 0.0 0.0 0.0 0.0)
  (2.392 -86.9062 -15.795 49.68 -94.1625 0.0 0.0 0.0 0.0 30.2062 2.90249 -0.13501 -24.6712 0.0 0.0 0.0 0.0 0.0 -16.0625)
  (2.763 -92.9812 -79.0425 2.09251 -4.11749 0.0 0.0 0.0 0.0 -52.6163 40.9387 75.8025 29.8013 0.0 0.0 0.0 0.0 0.0 0.0)
  (3.158 -80.19 -93.9262 -1.48499 -115.087 0.0 0.0 0.0 0.0 37.395 16.0987 -54.2025 -93.8587 0.0 0.0 0.0 0.0 0.0 -32.0625)
  (3.576 -95.2087 -5.12999 0.13501 -42.8625 0.0 0.0 0.0 0.0 92.9812 79.0425 -2.09251 -4.11749 0.0 0.0 0.0 0.0 0.0 0.0)
  (3.982 -86.9062 -15.795 49.68 -94.1625 0.0 0.0 0.0 0.0 95.2087 5.12999 -0.13501 -42.8625 0.0 0.0 0.0 0.0 24.9075 0.0)
  (4.389 52.6163 -40.9387 -75.8025 29.8013 0.0 0.0 0.0 0.0 30.2062 2.90249 -0.13501 -24.6712 0.0 0.0 0.0 0.0 0.0 0.0)
  (4.783 -86.9062 -15.795 49.68 -94.1625 0.0 0.0 0.0 0.0 50.4562 -10.2263 76.1062 19.9125 0.0 0.0 0.0 0.0 0.0 0.0)
  (5.178 -95.2087 -5.12999 0.13501 -42.8625 0.0 0.0 0.0 0.0 92.9812 79.0425 -2.09251 -4.11749 0.0 0.0 0.0 0.0 0.0 0.0)
  (5.573 -86.9062 -15.795 49.68 -94.1625 0.0 0.0 0.0 0.0 95.2087 5.12999 -0.13501 -42.8625 0.0 0.0 0.0 0.0 24.9075 0.0)
  (5.956 52.6163 -40.9387 -75.8025 29.8013 0.0 0.0 0.0 0.0 30.2062 2.90249 -0.13501 -24.6712 0.0 0.0 0.0 0.0 0.0 0.0)
  (6.397 -86.9062 -15.795 49.68 -94.1625 0.0 0.0 0.0 0.0 50.4562 -10.2263 76.1062 19.9125 0.0 0.0 0.0 0.0 0.0 0.0)
  (6.769 -37.395 -16.0987 54.2025 -93.8587 0.0 0.0 0.0 0.0 23.0175 76.5112 70.74 123.356 0.0 0.0 0.0 0.0 0.0 0.0)
  (7.163 -92.9812 -75.87 2.39626 -50.8275 0.0 0.0 0.0 0.0 95.2087 5.12999 -0.13501 -42.8625 0.0 0.0 0.0 0.0 0.0 0.0)
  (7.581 -92.6437 -56.0925 -75.8025 48.2625 0.0 0.0 0.0 0.0 67.7025 2.90249 -0.13501 -24.3337 0.0 0.0 0.0 0.0 0.0 32.0625)
  (7.976 -30.2062 -2.90249 0.13501 -24.6712 0.0 0.0 0.0 0.0 126.596 5.46749 0.13499 -42.8625 0.0 0.0 0.0 0.0 0.0 0.0)
  (8.382 -37.395 -16.0987 54.2025 -93.8587 0.0 0.0 0.0 0.0 23.0175 76.5112 70.74 123.356 0.0 0.0 0.0 0.0 0.0 0.0)
  (8.777 -92.9812 -75.87 2.39626 -50.8275 0.0 0.0 0.0 0.0 95.2087 5.12999 -0.13501 -42.8625 0.0 0.0 0.0 0.0 0.0 0.0)
  (9.195 -92.6437 -56.0925 -75.8025 48.2625 0.0 0.0 0.0 0.0 67.7025 2.90249 -0.13501 -24.3337 0.0 0.0 0.0 0.0 0.0 32.0625)
  (9.567 -30.2062 -2.90249 0.13501 -24.6712 0.0 0.0 0.0 0.0 126.596 5.46749 0.13499 -42.8625 0.0 0.0 0.0 0.0 0.0 0.0)
  (9.996 -79.5487 5.09626 -1.48499 -115.087 0.0 0.0 0.0 0.0 -52.6163 40.9387 75.8025 29.8013 0.0 0.0 0.0 0.0 0.0 0.0)
  (10.391 -95.2087 -5.12999 0.13501 -42.8625 0.0 0.0 0.0 0.0 37.395 16.0987 -54.2025 -93.8587 0.0 0.0 0.0 0.0 0.0 0.0)
  (10.809 -80.19 -93.9262 -1.48499 -115.087 0.0 0.0 0.0 0.0 92.9812 78.7387 -2.39626 86.4338 0.0 0.0 0.0 0.0 0.0 0.0)
  (11.192 -92.6437 -56.0925 -75.8025 48.2625 0.0 0.0 0.0 0.0 95.2087 5.12999 -0.13501 -42.8625 0.0 0.0 0.0 0.0 0.0 0.0)
  (11.61 -79.5487 5.09626 -1.48499 -115.087 0.0 0.0 0.0 0.0 -52.6163 40.9387 75.8025 29.8013 0.0 0.0 0.0 0.0 0.0 0.0)
  (11.993 -95.2087 -5.12999 0.13501 -42.8625 0.0 0.0 0.0 0.0 37.395 16.0987 -54.2025 -93.8587 0.0 0.0 0.0 0.0 0.0 0.0)
  (12.423 -80.19 -93.9262 -1.48499 -115.087 0.0 0.0 0.0 0.0 92.9812 78.7387 -2.39626 86.4338 0.0 0.0 0.0 0.0 0.0 0.0)
  (12.806 -92.6437 -56.0925 -75.8025 48.2625 0.0 0.0 0.0 0.0 95.2087 5.12999 -0.13501 -42.8625 0.0 0.0 0.0 0.0 0.0 0.0)
  (13.224 -37.395 -16.0987 54.2025 -93.8587 0.0 0.0 0.0 0.0 92.9812 75.87 -2.39626 -50.8275 0.0 0.0 0.0 0.0 0.0 0.0)
  (13.607 -92.6437 -56.0925 -75.8025 48.2625 0.0 0.0 0.0 0.0 92.9812 78.7387 -2.39626 86.4338 0.0 0.0 0.0 0.0 0.0 32.0625)
  (14.025 -30.2062 -2.90249 0.13501 -24.6712 0.0 0.0 0.0 0.0 37.395 16.0987 -54.2025 -93.8587 0.0 0.0 0.0 0.0 0.0 0.0)
  (14.42 -92.9812 -78.7387 2.39626 86.4338 0.0 0.0 0.0 0.0 80.19 93.9262 1.48499 -115.087 0.0 0.0 0.0 0.0 0.0 0.0)
  (14.826 -37.395 -16.0987 54.2025 -93.8587 0.0 0.0 0.0 0.0 92.9812 75.87 -2.39626 -50.8275 0.0 0.0 0.0 0.0 0.0 0.0)
  (15.221 -92.6437 -56.0925 -75.8025 48.2625 0.0 0.0 0.0 0.0 92.9812 78.7387 -2.39626 86.4338 0.0 0.0 0.0 0.0 0.0 32.0625)
  (15.639 -30.2062 -2.90249 0.13501 -24.6712 0.0 0.0 0.0 0.0 37.395 16.0987 -54.2025 -93.8587 0.0 0.0 0.0 0.0 0.0 0.0)
  (16.022 -92.9812 -78.7387 2.39626 86.4338 0.0 0.0 0.0 0.0 80.19 93.9262 1.48499 -115.087 0.0 0.0 0.0 0.0 0.0 0.0)
  (16.44 -30.2062 -2.90249 0.13501 -24.6712 0.0 0.0 0.0 0.0 86.9062 15.795 -49.68 -94.1625 0.0 0.0 0.0 0.0 0.0 0.0)
  (16.834 -67.7025 -2.90249 0.13501 -24.3337 0.0 0.0 0.0 0.0 67.7025 2.90249 -0.13501 -24.3337 0.0 0.0 0.0 0.0 0.0 0.0)
  (17.252 -23.0175 -76.5112 -70.74 123.356 0.0 0.0 0.0 0.0 50.4562 -10.2263 76.1062 19.9125 0.0 0.0 0.0 0.0 0.0 0.0)
  (17.636 -79.5487 5.09626 -1.48499 -115.087 0.0 0.0 0.0 0.0 92.9812 79.0425 -2.09251 -4.11749 0.0 0.0 0.0 0.0 0.0 53.1563)
  (18.054 -30.2062 -2.90249 0.13501 -24.6712 0.0 0.0 0.0 0.0 86.9062 15.795 -49.68 -94.1625 0.0 0.0 0.0 0.0 0.0 0.0)
  (18.437 -67.7025 -2.90249 0.13501 -24.3337 0.0 0.0 0.0 0.0 67.7025 2.90249 -0.13501 -24.3337 0.0 0.0 0.0 0.0 0.0 0.0)
  (18.855 -23.0175 -76.5112 -70.74 123.356 0.0 0.0 0.0 0.0 50.4562 -10.2263 76.1062 19.9125 0.0 0.0 0.0 0.0 0.0 0.0)
  (19.249 -79.5487 5.09626 -1.48499 -115.087 0.0 0.0 0.0 0.0 92.9812 79.0425 -2.09251 -4.11749 0.0 0.0 0.0 0.0 0.0 53.1563)
  (19.632 -95.2087 -5.12999 0.13501 -42.8625 0.0 0.0 0.0 0.0 92.9812 78.7387 -2.39626 86.4338 0.0 0.0 0.0 0.0 -79.3463 0.0)
  (20.05 -53.73 5.09626 -76.4437 21.2288 0.0 0.0 0.0 0.0 23.0175 76.5112 70.74 123.356 0.0 0.0 0.0 0.0 0.0 0.0)
  (20.457 -67.7025 -2.90249 0.13501 -24.3337 0.0 0.0 0.0 0.0 79.5487 -5.09626 1.48499 -115.087 0.0 0.0 0.0 0.0 0.0 0.0)
  (20.863 -53.73 5.09626 -76.4437 21.2288 0.0 0.0 0.0 0.0 23.0175 76.5112 70.74 123.356 0.0 0.0 0.0 0.0 0.0 0.0)
  (21.269 -95.2087 -5.12999 0.13501 -42.8625 0.0 0.0 0.0 0.0 92.9812 78.7387 -2.39626 86.4338 0.0 0.0 0.0 0.0 -79.3463 0.0)
  (21.664 -53.73 5.09626 -76.4437 21.2288 0.0 0.0 0.0 0.0 23.0175 76.5112 70.74 123.356 0.0 0.0 0.0 0.0 0.0 0.0)
  (22.082 -67.7025 -2.90249 0.13501 -24.3337 0.0 0.0 0.0 0.0 79.5487 -5.09626 1.48499 -115.087 0.0 0.0 0.0 0.0 0.0 0.0)
  (22.465 -53.73 5.09626 -76.4437 21.2288 0.0 0.0 0.0 0.0 23.0175 76.5112 70.74 123.356 0.0 0.0 0.0 0.0 0.0 0.0)
  (22.883 -92.9812 -78.7387 2.39626 86.4338 0.0 0.0 0.0 0.0 92.9812 79.0425 -2.09251 -4.11749 0.0 0.0 0.0 0.0 0.0 0.0)
  (23.278 -95.2087 -5.12999 0.13501 -42.8625 0.0 0.0 0.0 0.0 95.2087 5.12999 -0.13501 -42.8625 0.0 0.0 0.0 0.0 0.0 32.0625)
  (23.661 -30.2062 -2.90249 0.13501 -24.6712 0.0 0.0 0.0 0.0 92.6437 56.0925 75.8025 48.2625 0.0 0.0 0.0 0.0 0.0 0.0)
  (24.079 52.6163 -40.9387 -75.8025 29.8013 0.0 0.0 0.0 0.0 92.9812 75.87 -2.39626 -50.8275 0.0 0.0 0.0 0.0 0.0 0.0)
  (24.497 -92.9812 -78.7387 2.39626 86.4338 0.0 0.0 0.0 0.0 92.9812 79.0425 -2.09251 -4.11749 0.0 0.0 0.0 0.0 0.0 0.0)
  (24.88 -95.2087 -5.12999 0.13501 -42.8625 0.0 0.0 0.0 0.0 95.2087 5.12999 -0.13501 -42.8625 0.0 0.0 0.0 0.0 0.0 32.0625)
  (25.298 -30.2062 -2.90249 0.13501 -24.6712 0.0 0.0 0.0 0.0 92.6437 56.0925 75.8025 48.2625 0.0 0.0 0.0 0.0 0.0 0.0)
  (25.693 52.6163 -40.9387 -75.8025 29.8013 0.0 0.0 0.0 0.0 92.9812 75.87 -2.39626 -50.8275 0.0 0.0 0.0 0.0 0.0 0.0)
  (26.099 -126.596 -5.46749 -0.13499 -42.8625 0.0 0.0 0.0 0.0 95.2087 5.12999 -0.13501 -42.8625 0.0 0.0 0.0 0.0 0.0 0.0)
  (26.506 -126.596 -5.46749 -0.13499 -42.8625 0.0 0.0 0.0 0.0 30.2062 2.90249 -0.13501 -24.6712 0.0 0.0 0.0 0.0 -79.3463 0.0)
  (26.912 -126.596 -5.46749 -0.13499 -42.8625 0.0 0.0 0.0 0.0 92.9812 75.87 -2.39626 -50.8275 0.0 0.0 0.0 0.0 0.0 0.0)
  (27.307 -30.2062 -2.90249 0.13501 -24.6712 0.0 0.0 0.0 0.0 86.9062 15.795 -49.68 -94.1625 0.0 0.0 0.0 0.0 44.685 0.0)
  (27.713 -126.596 -5.46749 -0.13499 -42.8625 0.0 0.0 0.0 0.0 95.2087 5.12999 -0.13501 -42.8625 0.0 0.0 0.0 0.0 0.0 0.0)
  (28.108 -126.596 -5.46749 -0.13499 -42.8625 0.0 0.0 0.0 0.0 30.2062 2.90249 -0.13501 -24.6712 0.0 0.0 0.0 0.0 -79.3463 0.0)
  (28.526 -126.596 -5.46749 -0.13499 -42.8625 0.0 0.0 0.0 0.0 92.9812 75.87 -2.39626 -50.8275 0.0 0.0 0.0 0.0 0.0 0.0)
  (28.909 -30.2062 -2.90249 0.13501 -24.6712 0.0 0.0 0.0 0.0 86.9062 15.795 -49.68 -94.1625 0.0 0.0 0.0 0.0 44.685 0.0)
  (29.327 -53.73 5.09626 -76.4437 21.2288 0.0 0.0 0.0 0.0 50.4562 -10.2263 76.1062 19.9125 0.0 0.0 0.0 0.0 -44.685 0.0)
  (29.722 -23.0175 -76.5112 -70.74 123.356 0.0 0.0 0.0 0.0 23.0175 76.5112 70.74 123.356 0.0 0.0 0.0 0.0 0.0 -16.0625)
  (30.14 -37.395 -16.0987 54.2025 -93.8587 0.0 0.0 0.0 0.0 50.4562 -10.2263 76.1062 19.9125 0.0 0.0 0.0 0.0 0.0 0.0)
  (30.523 -79.5487 5.09626 -1.48499 -115.087 0.0 0.0 0.0 0.0 92.9812 79.0425 -2.09251 -4.11749 0.0 0.0 0.0 0.0 0.0 0.0)
  (30.941 -53.73 5.09626 -76.4437 21.2288 0.0 0.0 0.0 0.0 50.4562 -10.2263 76.1062 19.9125 0.0 0.0 0.0 0.0 -44.685 0.0)
  (31.324 -23.0175 -76.5112 -70.74 123.356 0.0 0.0 0.0 0.0 23.0175 76.5112 70.74 123.356 0.0 0.0 0.0 0.0 0.0 -16.0625)
  (31.742 -37.395 -16.0987 54.2025 -93.8587 0.0 0.0 0.0 0.0 50.4562 -10.2263 76.1062 19.9125 0.0 0.0 0.0 0.0 0.0 0.0)
  (32.136 -79.5487 5.09626 -1.48499 -115.087 0.0 0.0 0.0 0.0 92.9812 79.0425 -2.09251 -4.11749 0.0 0.0 0.0 0.0 0.0 0.0)
  (32.543 -86.9062 -15.795 49.68 -94.1625 0.0 0.0 0.0 0.0 92.9812 75.87 -2.39626 -50.8275 0.0 0.0 0.0 0.0 0.0 0.0)
  (32.949 -79.5487 5.09626 -1.48499 -115.087 0.0 0.0 0.0 0.0 23.0175 76.5112 70.74 123.356 0.0 0.0 0.0 0.0 0.0 0.0)
  (33.355 52.6163 -40.9387 -75.8025 29.8013 0.0 0.0 0.0 0.0 23.0175 76.5112 70.74 123.356 0.0 0.0 0.0 0.0 -79.3463 0.0)
  (33.75 -37.395 -16.0987 54.2025 -93.8587 0.0 0.0 0.0 0.0 50.4562 -10.2263 76.1062 19.9125 0.0 0.0 0.0 0.0 0.0 0.0)
  (34.145 -86.9062 -15.795 49.68 -94.1625 0.0 0.0 0.0 0.0 92.9812 75.87 -2.39626 -50.8275 0.0 0.0 0.0 0.0 0.0 0.0)
  (34.551 -79.5487 5.09626 -1.48499 -115.087 0.0 0.0 0.0 0.0 23.0175 76.5112 70.74 123.356 0.0 0.0 0.0 0.0 0.0 0.0)
  (34.969 52.6163 -40.9387 -75.8025 29.8013 0.0 0.0 0.0 0.0 23.0175 76.5112 70.74 123.356 0.0 0.0 0.0 0.0 -79.3463 0.0)
  (35.352 -37.395 -16.0987 54.2025 -93.8587 0.0 0.0 0.0 0.0 50.4562 -10.2263 76.1062 19.9125 0.0 0.0 0.0 0.0 0.0 0.0)
  (35.747 -92.9812 -78.7387 2.39626 86.4338 0.0 0.0 0.0 0.0 23.0175 76.5112 70.74 123.356 0.0 0.0 0.0 0.0 -24.9075 0.0)
  (36.13 -92.9812 -75.87 2.39626 -50.8275 0.0 0.0 0.0 0.0 126.596 5.46749 0.13499 -42.8625 0.0 0.0 0.0 0.0 0.0 0.0)
  (36.583 -126.596 -5.46749 -0.13499 -42.8625 0.0 0.0 0.0 0.0 -52.6163 40.9387 75.8025 29.8013 0.0 0.0 0.0 0.0 0.0 0.0)
  (36.966 -92.9812 -78.7387 2.39626 86.4338 0.0 0.0 0.0 0.0 23.0175 76.5112 70.74 123.356 0.0 0.0 0.0 0.0 0.0 0.0)
  (37.361 -92.9812 -78.7387 2.39626 86.4338 0.0 0.0 0.0 0.0 23.0175 76.5112 70.74 123.356 0.0 0.0 0.0 0.0 -24.9075 0.0)
  (37.767 -92.9812 -75.87 2.39626 -50.8275 0.0 0.0 0.0 0.0 126.596 5.46749 0.13499 -42.8625 0.0 0.0 0.0 0.0 0.0 0.0)
  (38.185 -126.596 -5.46749 -0.13499 -42.8625 0.0 0.0 0.0 0.0 -52.6163 40.9387 75.8025 29.8013 0.0 0.0 0.0 0.0 0.0 0.0)
  (38.58 -92.9812 -78.7387 2.39626 86.4338 0.0 0.0 0.0 0.0 23.0175 76.5112 70.74 123.356 0.0 0.0 0.0 0.0 0.0 0.0)
  (38.986 -79.5487 5.09626 -1.48499 -115.087 0.0 0.0 0.0 0.0 23.0175 76.5112 70.74 123.356 0.0 0.0 0.0 0.0 0.0 16.0625)
  (39.393 -92.9812 -78.7387 2.39626 86.4338 0.0 0.0 0.0 0.0 50.4562 -10.2263 76.1062 19.9125 0.0 0.0 0.0 0.0 -24.9075 0.0)
  (39.799 -86.9062 -15.795 49.68 -94.1625 0.0 0.0 0.0 0.0 80.19 93.9262 1.48499 -115.087 0.0 0.0 0.0 0.0 -24.9075 53.1563)
  (40.182 -95.2087 -5.12999 0.13501 -42.8625 0.0 0.0 0.0 0.0 37.395 16.0987 -54.2025 -93.8587 0.0 0.0 0.0 0.0 0.0 -16.0625)
  (40.588 -79.5487 5.09626 -1.48499 -115.087 0.0 0.0 0.0 0.0 23.0175 76.5112 70.74 123.356 0.0 0.0 0.0 0.0 0.0 16.0625)
  (40.995 -92.9812 -78.7387 2.39626 86.4338 0.0 0.0 0.0 0.0 50.4562 -10.2263 76.1062 19.9125 0.0 0.0 0.0 0.0 -24.9075 0.0)
  (41.413 -86.9062 -15.795 49.68 -94.1625 0.0 0.0 0.0 0.0 80.19 93.9262 1.48499 -115.087 0.0 0.0 0.0 0.0 -24.9075 53.1563)
  (41.796 -95.2087 -5.12999 0.13501 -42.8625 0.0 0.0 0.0 0.0 37.395 16.0987 -54.2025 -93.8587 0.0 0.0 0.0 0.0 0.0 -16.0625)
  (42.191 52.6163 -40.9387 -75.8025 29.8013 0.0 0.0 0.0 0.0 126.596 5.46749 0.13499 -42.8625 0.0 0.0 0.0 0.0 0.0 0.0)
  (42.609 -23.0175 -76.5112 -70.74 123.356 0.0 0.0 0.0 0.0 67.7025 2.90249 -0.13501 -24.3337 0.0 0.0 0.0 0.0 0.0 32.0625)
  (43.015 -79.5487 5.09626 -1.48499 -115.087 0.0 0.0 0.0 0.0 95.2087 5.12999 -0.13501 -42.8625 0.0 0.0 0.0 0.0 0.0 0.0)
  (43.41 -92.6437 -56.0925 -75.8025 48.2625 0.0 0.0 0.0 0.0 86.9062 15.795 -49.68 -94.1625 0.0 0.0 0.0 0.0 0.0 0.0)
  (43.851 52.6163 -40.9387 -75.8025 29.8013 0.0 0.0 0.0 0.0 126.596 5.46749 0.13499 -42.8625 0.0 0.0 0.0 0.0 0.0 0.0)
  (44.246 -23.0175 -76.5112 -70.74 123.356 0.0 0.0 0.0 0.0 67.7025 2.90249 -0.13501 -24.3337 0.0 0.0 0.0 0.0 0.0 32.0625)
  (44.64 -79.5487 5.09626 -1.48499 -115.087 0.0 0.0 0.0 0.0 95.2087 5.12999 -0.13501 -42.8625 0.0 0.0 0.0 0.0 0.0 0.0)
  (45.035 -92.6437 -56.0925 -75.8025 48.2625 0.0 0.0 0.0 0.0 86.9062 15.795 -49.68 -94.1625 0.0 0.0 0.0 0.0 0.0 0.0)
  (45.43 -86.9062 -15.795 49.68 -94.1625 0.0 0.0 0.0 0.0 92.9812 79.0425 -2.09251 -4.11749 0.0 0.0 0.0 0.0 0.0 0.0)
  (45.825 -37.395 -16.0987 54.2025 -93.8587 0.0 0.0 0.0 0.0 92.6437 56.0925 75.8025 48.2625 0.0 0.0 0.0 0.0 0.0 0.0)
  (46.243 -92.6437 -56.0925 -75.8025 48.2625 0.0 0.0 0.0 0.0 -52.6163 40.9387 75.8025 29.8013 0.0 0.0 0.0 0.0 -24.9075 0.0)
  (46.637 -92.9812 -78.7387 2.39626 86.4338 0.0 0.0 0.0 0.0 92.6437 56.0925 75.8025 48.2625 0.0 0.0 0.0 0.0 -79.3463 53.1563)
  (47.044 -86.9062 -15.795 49.68 -94.1625 0.0 0.0 0.0 0.0 92.9812 79.0425 -2.09251 -4.11749 0.0 0.0 0.0 0.0 0.0 0.0)
  (47.427 -37.395 -16.0987 54.2025 -93.8587 0.0 0.0 0.0 0.0 92.6437 56.0925 75.8025 48.2625 0.0 0.0 0.0 0.0 0.0 0.0)
  (47.856 -92.6437 -56.0925 -75.8025 48.2625 0.0 0.0 0.0 0.0 -52.6163 40.9387 75.8025 29.8013 0.0 0.0 0.0 0.0 -24.9075 0.0)
  (48.239 -92.9812 -78.7387 2.39626 86.4338 0.0 0.0 0.0 0.0 92.6437 56.0925 75.8025 48.2625 0.0 0.0 0.0 0.0 -79.3463 53.1563)
  (48.646 -37.395 -16.0987 54.2025 -93.8587 0.0 0.0 0.0 0.0 86.9062 15.795 -49.68 -94.1625 0.0 0.0 0.0 0.0 0.0 0.0)
  (49.041 -92.9812 -79.0425 2.09251 -4.11749 0.0 0.0 0.0 0.0 92.6437 56.0925 75.8025 48.2625 0.0 0.0 0.0 0.0 0.0 0.0)
  (49.459 -30.2062 -2.90249 0.13501 -24.6712 0.0 0.0 0.0 0.0 95.2087 5.12999 -0.13501 -42.8625 0.0 0.0 0.0 0.0 0.0 0.0)
  (49.842 -67.7025 -2.90249 0.13501 -24.3337 0.0 0.0 0.0 0.0 92.9812 78.7387 -2.39626 86.4338 0.0 0.0 0.0 0.0 0.0 0.0)
  (50.26 -37.395 -16.0987 54.2025 -93.8587 0.0 0.0 0.0 0.0 86.9062 15.795 -49.68 -94.1625 0.0 0.0 0.0 0.0 0.0 0.0)
  (50.654 -92.9812 -79.0425 2.09251 -4.11749 0.0 0.0 0.0 0.0 92.6437 56.0925 75.8025 48.2625 0.0 0.0 0.0 0.0 0.0 0.0)
  (51.072 -30.2062 -2.90249 0.13501 -24.6712 0.0 0.0 0.0 0.0 95.2087 5.12999 -0.13501 -42.8625 0.0 0.0 0.0 0.0 0.0 0.0)
  (51.467 -67.7025 -2.90249 0.13501 -24.3337 0.0 0.0 0.0 0.0 92.9812 78.7387 -2.39626 86.4338 0.0 0.0 0.0 0.0 0.0 0.0)
  (51.873 -92.9812 -75.87 2.39626 -50.8275 0.0 0.0 0.0 0.0 37.395 16.0987 -54.2025 -93.8587 0.0 0.0 0.0 0.0 0.0 53.1563)
  (52.268 -80.19 -93.9262 -1.48499 -115.087 0.0 0.0 0.0 0.0 -52.6163 40.9387 75.8025 29.8013 0.0 0.0 0.0 0.0 -44.685 0.0)
  (52.686 -95.2087 -5.12999 0.13501 -42.8625 0.0 0.0 0.0 0.0 67.7025 2.90249 -0.13501 -24.3337 0.0 0.0 0.0 0.0 0.0 0.0)
  (53.069 -86.9062 -15.795 49.68 -94.1625 0.0 0.0 0.0 0.0 92.9812 75.87 -2.39626 -50.8275 0.0 0.0 0.0 0.0 0.0 0.0)
  (53.487 -92.9812 -75.87 2.39626 -50.8275 0.0 0.0 0.0 0.0 37.395 16.0987 -54.2025 -93.8587 0.0 0.0 0.0 0.0 0.0 53.1563)
  (53.87 -80.19 -93.9262 -1.48499 -115.087 0.0 0.0 0.0 0.0 -52.6163 40.9387 75.8025 29.8013 0.0 0.0 0.0 0.0 -44.685 0.0)
  (54.3 -95.2087 -5.12999 0.13501 -42.8625 0.0 0.0 0.0 0.0 67.7025 2.90249 -0.13501 -24.3337 0.0 0.0 0.0 0.0 0.0 0.0)
  (54.683 -86.9062 -15.795 49.68 -94.1625 0.0 0.0 0.0 0.0 92.9812 75.87 -2.39626 -50.8275 0.0 0.0 0.0 0.0 0.0 0.0)
  (55.089 52.6163 -40.9387 -75.8025 29.8013 0.0 0.0 0.0 0.0 92.9812 78.7387 -2.39626 86.4338 0.0 0.0 0.0 0.0 0.0 0.0)
  (55.484 -126.596 -5.46749 -0.13499 -42.8625 0.0 0.0 0.0 0.0 -52.6163 40.9387 75.8025 29.8013 0.0 0.0 0.0 0.0 0.0 0.0)
  (55.902 52.6163 -40.9387 -75.8025 29.8013 0.0 0.0 0.0 0.0 -52.6163 40.9387 75.8025 29.8013 0.0 0.0 0.0 0.0 0.0 0.0)
  (56.285 -92.9812 -75.87 2.39626 -50.8275 0.0 0.0 0.0 0.0 -52.6163 40.9387 75.8025 29.8013 0.0 0.0 0.0 0.0 0.0 0.0)
  (56.703 52.6163 -40.9387 -75.8025 29.8013 0.0 0.0 0.0 0.0 92.9812 78.7387 -2.39626 86.4338 0.0 0.0 0.0 0.0 0.0 0.0)
  (57.098 -126.596 -5.46749 -0.13499 -42.8625 0.0 0.0 0.0 0.0 -52.6163 40.9387 75.8025 29.8013 0.0 0.0 0.0 0.0 0.0 0.0)
  (57.516 52.6163 -40.9387 -75.8025 29.8013 0.0 0.0 0.0 0.0 -52.6163 40.9387 75.8025 29.8013 0.0 0.0 0.0 0.0 0.0 0.0)
  (57.911 -92.9812 -75.87 2.39626 -50.8275 0.0 0.0 0.0 0.0 -52.6163 40.9387 75.8025 29.8013 0.0 0.0 0.0 0.0 0.0 0.0)
  (58.317 -23.0175 -76.5112 -70.74 123.356 0.0 0.0 0.0 0.0 92.9812 75.87 -2.39626 -50.8275 0.0 0.0 0.0 0.0 0.0 0.0)
  (58.712 -126.596 -5.46749 -0.13499 -42.8625 0.0 0.0 0.0 0.0 23.0175 76.5112 70.74 123.356 0.0 0.0 0.0 0.0 0.0 0.0)
  (59.118 -86.9062 -15.795 49.68 -94.1625 0.0 0.0 0.0 0.0 92.9812 79.0425 -2.09251 -4.11749 0.0 0.0 0.0 0.0 0.0 0.0)
  (59.524 -79.5487 5.09626 -1.48499 -115.087 0.0 0.0 0.0 0.0 92.9812 78.7387 -2.39626 86.4338 0.0 0.0 0.0 0.0 24.9075 0.0)
  (59.931 -23.0175 -76.5112 -70.74 123.356 0.0 0.0 0.0 0.0 92.9812 75.87 -2.39626 -50.8275 0.0 0.0 0.0 0.0 0.0 0.0)
  (60.325 -126.596 -5.46749 -0.13499 -42.8625 0.0 0.0 0.0 0.0 23.0175 76.5112 70.74 123.356 0.0 0.0 0.0 0.0 0.0 0.0)
  (60.732 -86.9062 -15.795 49.68 -94.1625 0.0 0.0 0.0 0.0 92.9812 79.0425 -2.09251 -4.11749 0.0 0.0 0.0 0.0 0.0 0.0)
  (61.127 -79.5487 5.09626 -1.48499 -115.087 0.0 0.0 0.0 0.0 92.9812 78.7387 -2.39626 86.4338 0.0 0.0 0.0 0.0 24.9075 0.0)
  (61.533 -30.2062 -2.90249 0.13501 -24.6712 0.0 0.0 0.0 0.0 92.9812 79.0425 -2.09251 -4.11749 0.0 0.0 0.0 0.0 0.0 0.0)
  (61.928 52.6163 -40.9387 -75.8025 29.8013 0.0 0.0 0.0 0.0 92.6437 56.0925 75.8025 48.2625 0.0 0.0 0.0 0.0 44.685 0.0)
  (62.346 -92.6437 -56.0925 -75.8025 48.2625 0.0 0.0 0.0 0.0 86.9062 15.795 -49.68 -94.1625 0.0 0.0 0.0 0.0 0.0 -16.0625)
  (62.729 -23.0175 -76.5112 -70.74 123.356 0.0 0.0 0.0 0.0 92.9812 78.7387 -2.39626 86.4338 0.0 0.0 0.0 0.0 0.0 0.0)
  (63.541 -30.2062 -2.90249 0.13501 -24.6712 0.0 0.0 0.0 0.0 92.9812 79.0425 -2.09251 -4.11749 0.0 0.0 0.0 0.0 0.0 0.0)
  (63.959 52.6163 -40.9387 -75.8025 29.8013 0.0 0.0 0.0 0.0 92.6437 56.0925 75.8025 48.2625 0.0 0.0 0.0 0.0 44.685 0.0)
  (64.354 -92.6437 -56.0925 -75.8025 48.2625 0.0 0.0 0.0 0.0 86.9062 15.795 -49.68 -94.1625 0.0 0.0 0.0 0.0 0.0 -16.0625)
  (64.76 -23.0175 -76.5112 -70.74 123.356 0.0 0.0 0.0 0.0 92.9812 78.7387 -2.39626 86.4338 0.0 0.0 0.0 0.0 0.0 0.0)
  (65.144 -95.2087 -5.12999 0.13501 -42.8625 0.0 0.0 0.0 0.0 80.19 93.9262 1.48499 -115.087 0.0 0.0 0.0 0.0 0.0 0.0)
  (65.562 -30.2062 -2.90249 0.13501 -24.6712 0.0 0.0 0.0 0.0 50.4562 -10.2263 76.1062 19.9125 0.0 0.0 0.0 0.0 44.685 0.0)
  (65.968 -37.395 -16.0987 54.2025 -93.8587 0.0 0.0 0.0 0.0 80.19 93.9262 1.48499 -115.087 0.0 0.0 0.0 0.0 -24.9075 0.0)
  (66.374 -67.7025 -2.90249 0.13501 -24.3337 0.0 0.0 0.0 0.0 67.7025 2.90249 -0.13501 -24.3337 0.0 0.0 0.0 0.0 -44.685 0.0)
  (66.769 -95.2087 -5.12999 0.13501 -42.8625 0.0 0.0 0.0 0.0 80.19 93.9262 1.48499 -115.087 0.0 0.0 0.0 0.0 0.0 0.0)
  (67.175 -30.2062 -2.90249 0.13501 -24.6712 0.0 0.0 0.0 0.0 50.4562 -10.2263 76.1062 19.9125 0.0 0.0 0.0 0.0 44.685 0.0)
  (67.547 -37.395 -16.0987 54.2025 -93.8587 0.0 0.0 0.0 0.0 80.19 93.9262 1.48499 -115.087 0.0 0.0 0.0 0.0 -24.9075 0.0)
  (67.988 -67.7025 -2.90249 0.13501 -24.3337 0.0 0.0 0.0 0.0 67.7025 2.90249 -0.13501 -24.3337 0.0 0.0 0.0 0.0 -44.685 0.0)
  (68.36 52.6163 -40.9387 -75.8025 29.8013 0.0 0.0 0.0 0.0 126.596 5.46749 0.13499 -42.8625 0.0 0.0 0.0 0.0 0.0 -32.0625)
  (68.778 -23.0175 -76.5112 -70.74 123.356 0.0 0.0 0.0 0.0 80.19 93.9262 1.48499 -115.087 0.0 0.0 0.0 0.0 0.0 0.0)
  (69.172 52.6163 -40.9387 -75.8025 29.8013 0.0 0.0 0.0 0.0 92.6437 56.0925 75.8025 48.2625 0.0 0.0 0.0 0.0 44.685 0.0)
  (69.59 -92.9812 -79.0425 2.09251 -4.11749 0.0 0.0 0.0 0.0 67.7025 2.90249 -0.13501 -24.3337 0.0 0.0 0.0 0.0 0.0 0.0)
  (69.985 52.6163 -40.9387 -75.8025 29.8013 0.0 0.0 0.0 0.0 126.596 5.46749 0.13499 -42.8625 0.0 0.0 0.0 0.0 0.0 -32.0625)
  (70.403 -23.0175 -76.5112 -70.74 123.356 0.0 0.0 0.0 0.0 80.19 93.9262 1.48499 -115.087 0.0 0.0 0.0 0.0 0.0 0.0)
  (70.798 52.6163 -40.9387 -75.8025 29.8013 0.0 0.0 0.0 0.0 92.6437 56.0925 75.8025 48.2625 0.0 0.0 0.0 0.0 44.685 0.0)
  (71.204 -92.9812 -79.0425 2.09251 -4.11749 0.0 0.0 0.0 0.0 67.7025 2.90249 -0.13501 -24.3337 0.0 0.0 0.0 0.0 0.0 0.0)
  (71.599 52.6163 -40.9387 -75.8025 29.8013 0.0 0.0 0.0 0.0 86.9062 15.795 -49.68 -94.1625 0.0 0.0 0.0 0.0 0.0 0.0)
  (72.017 -67.7025 -2.90249 0.13501 -24.3337 0.0 0.0 0.0 0.0 95.2087 5.12999 -0.13501 -42.8625 0.0 0.0 0.0 0.0 0.0 32.0625)
  (72.411 -37.395 -16.0987 54.2025 -93.8587 0.0 0.0 0.0 0.0 92.9812 78.7387 -2.39626 86.4338 0.0 0.0 0.0 0.0 0.0 0.0)
  (72.806 52.6163 -40.9387 -75.8025 29.8013 0.0 0.0 0.0 0.0 50.4562 -10.2263 76.1062 19.9125 0.0 0.0 0.0 0.0 0.0 0.0)
  (73.213 52.6163 -40.9387 -75.8025 29.8013 0.0 0.0 0.0 0.0 86.9062 15.795 -49.68 -94.1625 0.0 0.0 0.0 0.0 0.0 0.0)
  (73.63 -67.7025 -2.90249 0.13501 -24.3337 0.0 0.0 0.0 0.0 95.2087 5.12999 -0.13501 -42.8625 0.0 0.0 0.0 0.0 0.0 32.0625)
  (74.014 -37.395 -16.0987 54.2025 -93.8587 0.0 0.0 0.0 0.0 92.9812 78.7387 -2.39626 86.4338 0.0 0.0 0.0 0.0 0.0 0.0)
  (74.408 52.6163 -40.9387 -75.8025 29.8013 0.0 0.0 0.0 0.0 50.4562 -10.2263 76.1062 19.9125 0.0 0.0 0.0 0.0 0.0 0.0)
  (74.78 -95.2087 -5.12999 0.13501 -42.8625 0.0 0.0 0.0 0.0 92.9812 79.0425 -2.09251 -4.11749 0.0 0.0 0.0 0.0 0.0 0.0)
  (75.233 -126.596 -5.46749 -0.13499 -42.8625 0.0 0.0 0.0 0.0 50.4562 -10.2263 76.1062 19.9125 0.0 0.0 0.0 0.0 0.0 0.0)
  (75.627 -95.2087 -5.12999 0.13501 -42.8625 0.0 0.0 0.0 0.0 92.9812 78.7387 -2.39626 86.4338 0.0 0.0 0.0 0.0 0.0 0.0)
  (76.022 -95.2087 -5.12999 0.13501 -42.8625 0.0 0.0 0.0 0.0 92.9812 78.7387 -2.39626 86.4338 0.0 0.0 0.0 0.0 0.0 0.0)
  (76.417 -95.2087 -5.12999 0.13501 -42.8625 0.0 0.0 0.0 0.0 92.9812 79.0425 -2.09251 -4.11749 0.0 0.0 0.0 0.0 0.0 0.0)
  (76.846 -126.596 -5.46749 -0.13499 -42.8625 0.0 0.0 0.0 0.0 50.4562 -10.2263 76.1062 19.9125 0.0 0.0 0.0 0.0 0.0 0.0)
  (77.241 -95.2087 -5.12999 0.13501 -42.8625 0.0 0.0 0.0 0.0 92.9812 78.7387 -2.39626 86.4338 0.0 0.0 0.0 0.0 0.0 0.0)
  (77.648 -95.2087 -5.12999 0.13501 -42.8625 0.0 0.0 0.0 0.0 92.9812 78.7387 -2.39626 86.4338 0.0 0.0 0.0 0.0 0.0 0.0)
  (78.042 -23.0175 -76.5112 -70.74 123.356 0.0 0.0 0.0 0.0 50.4562 -10.2263 76.1062 19.9125 0.0 0.0 0.0 0.0 0.0 0.0)
  (78.46 -80.19 -93.9262 -1.48499 -115.087 0.0 0.0 0.0 0.0 23.0175 76.5112 70.74 123.356 0.0 0.0 0.0 0.0 0.0 0.0)
  (78.843 -92.6437 -56.0925 -75.8025 48.2625 0.0 0.0 0.0 0.0 92.9812 75.87 -2.39626 -50.8275 0.0 0.0 0.0 0.0 0.0 53.1563)
  (79.25 -86.9062 -15.795 49.68 -94.1625 0.0 0.0 0.0 0.0 67.7025 2.90249 -0.13501 -24.3337 0.0 0.0 0.0 0.0 0.0 0.0)
  (79.644 -23.0175 -76.5112 -70.74 123.356 0.0 0.0 0.0 0.0 50.4562 -10.2263 76.1062 19.9125 0.0 0.0 0.0 0.0 0.0 0.0)
  (80.016 -80.19 -93.9262 -1.48499 -115.087 0.0 0.0 0.0 0.0 23.0175 76.5112 70.74 123.356 0.0 0.0 0.0 0.0 0.0 0.0)
  (80.457 -92.6437 -56.0925 -75.8025 48.2625 0.0 0.0 0.0 0.0 92.9812 75.87 -2.39626 -50.8275 0.0 0.0 0.0 0.0 0.0 53.1563)
  (80.852 -86.9062 -15.795 49.68 -94.1625 0.0 0.0 0.0 0.0 67.7025 2.90249 -0.13501 -24.3337 0.0 0.0 0.0 0.0 0.0 0.0)
  (81.258 -37.395 -16.0987 54.2025 -93.8587 0.0 0.0 0.0 0.0 67.7025 2.90249 -0.13501 -24.3337 0.0 0.0 0.0 0.0 0.0 0.0)
  (81.676 -67.7025 -2.90249 0.13501 -24.3337 0.0 0.0 0.0 0.0 95.2087 5.12999 -0.13501 -42.8625 0.0 0.0 0.0 0.0 0.0 0.0)
  (82.071 52.6163 -40.9387 -75.8025 29.8013 0.0 0.0 0.0 0.0 80.19 93.9262 1.48499 -115.087 0.0 0.0 0.0 0.0 0.0 0.0)
  (82.5 -67.7025 -2.90249 0.13501 -24.3337 0.0 0.0 0.0 0.0 67.7025 2.90249 -0.13501 -24.3337 0.0 0.0 0.0 0.0 79.3463 16.0625)
  (82.93 -37.395 -16.0987 54.2025 -93.8587 0.0 0.0 0.0 0.0 67.7025 2.90249 -0.13501 -24.3337 0.0 0.0 0.0 0.0 0.0 0.0)
  (83.325 -67.7025 -2.90249 0.13501 -24.3337 0.0 0.0 0.0 0.0 95.2087 5.12999 -0.13501 -42.8625 0.0 0.0 0.0 0.0 0.0 0.0)
  (83.708 52.6163 -40.9387 -75.8025 29.8013 0.0 0.0 0.0 0.0 80.19 93.9262 1.48499 -115.087 0.0 0.0 0.0 0.0 0.0 0.0)
  (84.091 -67.7025 -2.90249 0.13501 -24.3337 0.0 0.0 0.0 0.0 67.7025 2.90249 -0.13501 -24.3337 0.0 0.0 0.0 0.0 79.3463 16.0625)
  (84.486 -67.7025 -2.90249 0.13501 -24.3337 0.0 0.0 0.0 0.0 37.395 16.0987 -54.2025 -93.8587 0.0 0.0 0.0 0.0 0.0 -32.0625)
  (84.904 -67.7025 -2.90249 0.13501 -24.3337 0.0 0.0 0.0 0.0 37.395 16.0987 -54.2025 -93.8587 0.0 0.0 0.0 0.0 0.0 0.0)
  (85.299 -92.9812 -78.7387 2.39626 86.4338 0.0 0.0 0.0 0.0 -52.6163 40.9387 75.8025 29.8013 0.0 0.0 0.0 0.0 0.0 0.0)
  (85.682 -37.395 -16.0987 54.2025 -93.8587 0.0 0.0 0.0 0.0 95.2087 5.12999 -0.13501 -42.8625 0.0 0.0 0.0 0.0 0.0 -32.0625)
  (86.1 -67.7025 -2.90249 0.13501 -24.3337 0.0 0.0 0.0 0.0 37.395 16.0987 -54.2025 -93.8587 0.0 0.0 0.0 0.0 0.0 -32.0625)
  (86.506 -67.7025 -2.90249 0.13501 -24.3337 0.0 0.0 0.0 0.0 37.395 16.0987 -54.2025 -93.8587 0.0 0.0 0.0 0.0 0.0 0.0)
  (86.901 -92.9812 -78.7387 2.39626 86.4338 0.0 0.0 0.0 0.0 -52.6163 40.9387 75.8025 29.8013 0.0 0.0 0.0 0.0 0.0 0.0)
  (87.284 -37.395 -16.0987 54.2025 -93.8587 0.0 0.0 0.0 0.0 95.2087 5.12999 -0.13501 -42.8625 0.0 0.0 0.0 0.0 0.0 -32.0625)
  (87.702 52.6163 -40.9387 -75.8025 29.8013 0.0 0.0 0.0 0.0 -52.6163 40.9387 75.8025 29.8013 0.0 0.0 0.0 0.0 0.0 -16.0625)
  (88.12 -37.395 -16.0987 54.2025 -93.8587 0.0 0.0 0.0 0.0 -52.6163 40.9387 75.8025 29.8013 0.0 0.0 0.0 0.0 0.0 0.0)
  (88.514 -95.2087 -5.12999 0.13501 -42.8625 0.0 0.0 0.0 0.0 95.2087 5.12999 -0.13501 -42.8625 0.0 0.0 0.0 0.0 0.0 0.0)
  (88.898 -37.395 -16.0987 54.2025 -93.8587 0.0 0.0 0.0 0.0 86.9062 15.795 -49.68 -94.1625 0.0 0.0 0.0 0.0 0.0 0.0)
  (89.316 52.6163 -40.9387 -75.8025 29.8013 0.0 0.0 0.0 0.0 -52.6163 40.9387 75.8025 29.8013 0.0 0.0 0.0 0.0 0.0 -16.0625)
  (89.734 -37.395 -16.0987 54.2025 -93.8587 0.0 0.0 0.0 0.0 -52.6163 40.9387 75.8025 29.8013 0.0 0.0 0.0 0.0 0.0 0.0)
  (90.128 -95.2087 -5.12999 0.13501 -42.8625 0.0 0.0 0.0 0.0 95.2087 5.12999 -0.13501 -42.8625 0.0 0.0 0.0 0.0 0.0 0.0)
  (90.535 -37.395 -16.0987 54.2025 -93.8587 0.0 0.0 0.0 0.0 86.9062 15.795 -49.68 -94.1625 0.0 0.0 0.0 0.0 0.0 0.0)
  (90.929 -92.9812 -79.0425 2.09251 -4.11749 0.0 0.0 0.0 0.0 86.9062 15.795 -49.68 -94.1625 0.0 0.0 0.0 0.0 0.0 0.0)
  (91.347 -86.9062 -15.795 49.68 -94.1625 0.0 0.0 0.0 0.0 67.7025 2.90249 -0.13501 -24.3337 0.0 0.0 0.0 0.0 0.0 0.0)
  (91.73 -92.9812 -78.7387 2.39626 86.4338 0.0 0.0 0.0 0.0 50.4562 -10.2263 76.1062 19.9125 0.0 0.0 0.0 0.0 0.0 0.0)
  (92.125 -95.2087 -5.12999 0.13501 -42.8625 0.0 0.0 0.0 0.0 80.19 93.9262 1.48499 -115.087 0.0 0.0 0.0 0.0 0.0 0.0)
  (92.532 -92.9812 -79.0425 2.09251 -4.11749 0.0 0.0 0.0 0.0 86.9062 15.795 -49.68 -94.1625 0.0 0.0 0.0 0.0 0.0 0.0)
  (92.949 -86.9062 -15.795 49.68 -94.1625 0.0 0.0 0.0 0.0 67.7025 2.90249 -0.13501 -24.3337 0.0 0.0 0.0 0.0 0.0 0.0)
  (93.344 -92.9812 -78.7387 2.39626 86.4338 0.0 0.0 0.0 0.0 50.4562 -10.2263 76.1062 19.9125 0.0 0.0 0.0 0.0 0.0 0.0)
  (93.739 -95.2087 -5.12999 0.13501 -42.8625 0.0 0.0 0.0 0.0 80.19 93.9262 1.48499 -115.087 0.0 0.0 0.0 0.0 0.0 0.0)
  (94.145 -92.9812 -79.0425 2.09251 -4.11749 0.0 0.0 0.0 0.0 92.9812 78.7387 -2.39626 86.4338 0.0 0.0 0.0 0.0 0.0 0.0)
  (94.563 -92.6437 -56.0925 -75.8025 48.2625 0.0 0.0 0.0 0.0 86.9062 15.795 -49.68 -94.1625 0.0 0.0 0.0 0.0 0.0 0.0)
  (94.946 -92.6437 -56.0925 -75.8025 48.2625 0.0 0.0 0.0 0.0 86.9062 15.795 -49.68 -94.1625 0.0 0.0 0.0 0.0 0.0 0.0)
  (95.341 -95.2087 -5.12999 0.13501 -42.8625 0.0 0.0 0.0 0.0 67.7025 2.90249 -0.13501 -24.3337 0.0 0.0 0.0 0.0 0.0 0.0)
  (95.759 -92.9812 -79.0425 2.09251 -4.11749 0.0 0.0 0.0 0.0 92.9812 78.7387 -2.39626 86.4338 0.0 0.0 0.0 0.0 0.0 0.0)
  (96.177 -92.6437 -56.0925 -75.8025 48.2625 0.0 0.0 0.0 0.0 86.9062 15.795 -49.68 -94.1625 0.0 0.0 0.0 0.0 0.0 0.0)
  (96.572 -92.6437 -56.0925 -75.8025 48.2625 0.0 0.0 0.0 0.0 86.9062 15.795 -49.68 -94.1625 0.0 0.0 0.0 0.0 0.0 0.0)
  (96.955 -95.2087 -5.12999 0.13501 -42.8625 0.0 0.0 0.0 0.0 67.7025 2.90249 -0.13501 -24.3337 0.0 0.0 0.0 0.0 0.0 0.0)
  (97.361 -80.19 -93.9262 -1.48499 -115.087 0.0 0.0 0.0 0.0 50.4562 -10.2263 76.1062 19.9125 0.0 0.0 0.0 0.0 0.0 0.0)
  (97.779 -67.7025 -2.90249 0.13501 -24.3337 0.0 0.0 0.0 0.0 92.9812 78.7387 -2.39626 86.4338 0.0 0.0 0.0 0.0 0.0 0.0)
  (98.174 -92.9812 -75.87 2.39626 -50.8275 0.0 0.0 0.0 0.0 92.9812 75.87 -2.39626 -50.8275 0.0 0.0 0.0 0.0 0.0 0.0)
  (98.58 -86.9062 -15.795 49.68 -94.1625 0.0 0.0 0.0 0.0 79.5487 -5.09626 1.48499 -115.087 0.0 0.0 0.0 0.0 -24.9075 0.0)
  (98.975 -80.19 -93.9262 -1.48499 -115.087 0.0 0.0 0.0 0.0 50.4562 -10.2263 76.1062 19.9125 0.0 0.0 0.0 0.0 0.0 0.0)
  (99.393 -67.7025 -2.90249 0.13501 -24.3337 0.0 0.0 0.0 0.0 92.9812 78.7387 -2.39626 86.4338 0.0 0.0 0.0 0.0 0.0 0.0)
  (99.788 -92.9812 -75.87 2.39626 -50.8275 0.0 0.0 0.0 0.0 92.9812 75.87 -2.39626 -50.8275 0.0 0.0 0.0 0.0 0.0 0.0)
  (100.206 -86.9062 -15.795 49.68 -94.1625 0.0 0.0 0.0 0.0 79.5487 -5.09626 1.48499 -115.087 0.0 0.0 0.0 0.0 -24.9075 0.0)
  (100.589 -95.2087 -5.12999 0.13501 -42.8625 0.0 0.0 0.0 0.0 79.5487 -5.09626 1.48499 -115.087 0.0 0.0 0.0 0.0 0.0 0.0)
  (101.007 -126.596 -5.46749 -0.13499 -42.8625 0.0 0.0 0.0 0.0 30.2062 2.90249 -0.13501 -24.6712 0.0 0.0 0.0 0.0 -79.3463 0.0)
  (101.39 -30.2062 -2.90249 0.13501 -24.6712 0.0 0.0 0.0 0.0 92.9812 79.0425 -2.09251 -4.11749 0.0 0.0 0.0 0.0 -79.3463 0.0)
  (101.796 -80.19 -93.9262 -1.48499 -115.087 0.0 0.0 0.0 0.0 79.5487 -5.09626 1.48499 -115.087 0.0 0.0 0.0 0.0 79.3463 0.0)
  (102.203 -95.2087 -5.12999 0.13501 -42.8625 0.0 0.0 0.0 0.0 79.5487 -5.09626 1.48499 -115.087 0.0 0.0 0.0 0.0 0.0 0.0)
  (102.597 -126.596 -5.46749 -0.13499 -42.8625 0.0 0.0 0.0 0.0 30.2062 2.90249 -0.13501 -24.6712 0.0 0.0 0.0 0.0 -79.3463 0.0)
  (103.004 -30.2062 -2.90249 0.13501 -24.6712 0.0 0.0 0.0 0.0 92.9812 79.0425 -2.09251 -4.11749 0.0 0.0 0.0 0.0 -79.3463 0.0)
  (103.422 -80.19 -93.9262 -1.48499 -115.087 0.0 0.0 0.0 0.0 79.5487 -5.09626 1.48499 -115.087 0.0 0.0 0.0 0.0 79.3463 0.0)
  (103.816 -95.2087 -5.12999 0.13501 -42.8625 0.0 0.0 0.0 0.0 50.4562 -10.2263 76.1062 19.9125 0.0 0.0 0.0 0.0 0.0 0.0)
  (104.234 -92.9812 -78.7387 2.39626 86.4338 0.0 0.0 0.0 0.0 50.4562 -10.2263 76.1062 19.9125 0.0 0.0 0.0 0.0 0.0 0.0)
  (104.629 -67.7025 -2.90249 0.13501 -24.3337 0.0 0.0 0.0 0.0 92.9812 79.0425 -2.09251 -4.11749 0.0 0.0 0.0 0.0 0.0 0.0)
  (105.024 -53.73 5.09626 -76.4437 21.2288 0.0 0.0 0.0 0.0 92.9812 79.0425 -2.09251 -4.11749 0.0 0.0 0.0 0.0 0.0 0.0)
  (105.43 -95.2087 -5.12999 0.13501 -42.8625 0.0 0.0 0.0 0.0 50.4562 -10.2263 76.1062 19.9125 0.0 0.0 0.0 0.0 0.0 0.0)
  (105.837 -92.9812 -78.7387 2.39626 86.4338 0.0 0.0 0.0 0.0 50.4562 -10.2263 76.1062 19.9125 0.0 0.0 0.0 0.0 0.0 0.0)
  (106.231 -67.7025 -2.90249 0.13501 -24.3337 0.0 0.0 0.0 0.0 92.9812 79.0425 -2.09251 -4.11749 0.0 0.0 0.0 0.0 0.0 0.0)
  (106.638 -53.73 5.09626 -76.4437 21.2288 0.0 0.0 0.0 0.0 92.9812 79.0425 -2.09251 -4.11749 0.0 0.0 0.0 0.0 0.0 0.0)
  (107.044 -30.2062 -2.90249 0.13501 -24.6712 0.0 0.0 0.0 0.0 79.5487 -5.09626 1.48499 -115.087 0.0 0.0 0.0 0.0 0.0 53.1563)
  (107.45 -92.9812 -79.0425 2.09251 -4.11749 0.0 0.0 0.0 0.0 37.395 16.0987 -54.2025 -93.8587 0.0 0.0 0.0 0.0 0.0 0.0)
  (107.845 -67.7025 -2.90249 0.13501 -24.3337 0.0 0.0 0.0 0.0 80.19 93.9262 1.48499 -115.087 0.0 0.0 0.0 0.0 44.685 -16.0625)
  (108.251 -92.6437 -56.0925 -75.8025 48.2625 0.0 0.0 0.0 0.0 95.2087 5.12999 -0.13501 -42.8625 0.0 0.0 0.0 0.0 0.0 0.0)
  (108.658 -30.2062 -2.90249 0.13501 -24.6712 0.0 0.0 0.0 0.0 79.5487 -5.09626 1.48499 -115.087 0.0 0.0 0.0 0.0 0.0 53.1563)
  (109.064 -92.9812 -79.0425 2.09251 -4.11749 0.0 0.0 0.0 0.0 37.395 16.0987 -54.2025 -93.8587 0.0 0.0 0.0 0.0 0.0 0.0)
  (109.459 -67.7025 -2.90249 0.13501 -24.3337 0.0 0.0 0.0 0.0 80.19 93.9262 1.48499 -115.087 0.0 0.0 0.0 0.0 44.685 -16.0625)
  (109.854 -92.6437 -56.0925 -75.8025 48.2625 0.0 0.0 0.0 0.0 95.2087 5.12999 -0.13501 -42.8625 0.0 0.0 0.0 0.0 0.0 0.0)
  (110.26 -92.9812 -75.87 2.39626 -50.8275 0.0 0.0 0.0 0.0 126.596 5.46749 0.13499 -42.8625 0.0 0.0 0.0 0.0 -24.9075 0.0)
  (110.666 -30.2062 -2.90249 0.13501 -24.6712 0.0 0.0 0.0 0.0 86.9062 15.795 -49.68 -94.1625 0.0 0.0 0.0 0.0 79.3463 0.0)
  (111.073 -80.19 -93.9262 -1.48499 -115.087 0.0 0.0 0.0 0.0 67.7025 2.90249 -0.13501 -24.3337 0.0 0.0 0.0 0.0 0.0 0.0)
  (111.479 -92.6437 -56.0925 -75.8025 48.2625 0.0 0.0 0.0 0.0 23.0175 76.5112 70.74 123.356 0.0 0.0 0.0 0.0 0.0 -32.0625)
  (111.874 -92.9812 -75.87 2.39626 -50.8275 0.0 0.0 0.0 0.0 126.596 5.46749 0.13499 -42.8625 0.0 0.0 0.0 0.0 -24.9075 0.0)
  (112.28 -30.2062 -2.90249 0.13501 -24.6712 0.0 0.0 0.0 0.0 86.9062 15.795 -49.68 -94.1625 0.0 0.0 0.0 0.0 79.3463 0.0)
  (112.675 -80.19 -93.9262 -1.48499 -115.087 0.0 0.0 0.0 0.0 67.7025 2.90249 -0.13501 -24.3337 0.0 0.0 0.0 0.0 0.0 0.0)
  (113.081 -92.6437 -56.0925 -75.8025 48.2625 0.0 0.0 0.0 0.0 23.0175 76.5112 70.74 123.356 0.0 0.0 0.0 0.0 0.0 -32.0625)
  (113.488 -30.2062 -2.90249 0.13501 -24.6712 0.0 0.0 0.0 0.0 92.9812 78.7387 -2.39626 86.4338 0.0 0.0 0.0 0.0 0.0 0.0)
  (113.894 -92.9812 -79.0425 2.09251 -4.11749 0.0 0.0 0.0 0.0 95.2087 5.12999 -0.13501 -42.8625 0.0 0.0 0.0 0.0 0.0 -16.0625)
  (114.289 -30.2062 -2.90249 0.13501 -24.6712 0.0 0.0 0.0 0.0 37.395 16.0987 -54.2025 -93.8587 0.0 0.0 0.0 0.0 0.0 -16.0625)
  (114.695 -92.6437 -56.0925 -75.8025 48.2625 0.0 0.0 0.0 0.0 50.4562 -10.2263 76.1062 19.9125 0.0 0.0 0.0 0.0 44.685 53.1563)
  (115.101 -30.2062 -2.90249 0.13501 -24.6712 0.0 0.0 0.0 0.0 92.9812 78.7387 -2.39626 86.4338 0.0 0.0 0.0 0.0 0.0 0.0)
  (115.508 -92.9812 -79.0425 2.09251 -4.11749 0.0 0.0 0.0 0.0 95.2087 5.12999 -0.13501 -42.8625 0.0 0.0 0.0 0.0 0.0 -16.0625)
  (115.902 -30.2062 -2.90249 0.13501 -24.6712 0.0 0.0 0.0 0.0 37.395 16.0987 -54.2025 -93.8587 0.0 0.0 0.0 0.0 0.0 -16.0625)
  (116.297 -92.6437 -56.0925 -75.8025 48.2625 0.0 0.0 0.0 0.0 50.4562 -10.2263 76.1062 19.9125 0.0 0.0 0.0 0.0 44.685 53.1563)
  (116.703 -23.0175 -76.5112 -70.74 123.356 0.0 0.0 0.0 0.0 23.0175 76.5112 70.74 123.356 0.0 0.0 0.0 0.0 0.0 0.0)
  (117.121 52.6163 -40.9387 -75.8025 29.8013 0.0 0.0 0.0 0.0 67.7025 2.90249 -0.13501 -24.3337 0.0 0.0 0.0 0.0 0.0 0.0)
  (117.516 -92.9812 -78.7387 2.39626 86.4338 0.0 0.0 0.0 0.0 -52.6163 40.9387 75.8025 29.8013 0.0 0.0 0.0 0.0 0.0 16.0625)
  (117.911 -53.73 5.09626 -76.4437 21.2288 0.0 0.0 0.0 0.0 23.0175 76.5112 70.74 123.356 0.0 0.0 0.0 0.0 0.0 0.0)
  (118.317 -23.0175 -76.5112 -70.74 123.356 0.0 0.0 0.0 0.0 23.0175 76.5112 70.74 123.356 0.0 0.0 0.0 0.0 0.0 0.0)
  (118.724 52.6163 -40.9387 -75.8025 29.8013 0.0 0.0 0.0 0.0 67.7025 2.90249 -0.13501 -24.3337 0.0 0.0 0.0 0.0 0.0 0.0)
  (119.118 -92.9812 -78.7387 2.39626 86.4338 0.0 0.0 0.0 0.0 -52.6163 40.9387 75.8025 29.8013 0.0 0.0 0.0 0.0 0.0 16.0625)
  (119.525 -53.73 5.09626 -76.4437 21.2288 0.0 0.0 0.0 0.0 23.0175 76.5112 70.74 123.356 0.0 0.0 0.0 0.0 0.0 0.0)
  (119.931 -92.9812 -78.7387 2.39626 86.4338 0.0 0.0 0.0 0.0 126.596 5.46749 0.13499 -42.8625 0.0 0.0 0.0 0.0 -79.3463 53.1563)
  (120.337 -86.9062 -15.795 49.68 -94.1625 0.0 0.0 0.0 0.0 -52.6163 40.9387 75.8025 29.8013 0.0 0.0 0.0 0.0 0.0 53.1563)
  (120.732 -23.0175 -76.5112 -70.74 123.356 0.0 0.0 0.0 0.0 92.9812 78.7387 -2.39626 86.4338 0.0 0.0 0.0 0.0 0.0 0.0)
  (121.139 -92.9812 -78.7387 2.39626 86.4338 0.0 0.0 0.0 0.0 126.596 5.46749 0.13499 -42.8625 0.0 0.0 0.0 0.0 0.0 32.0625)
  (121.545 -92.9812 -78.7387 2.39626 86.4338 0.0 0.0 0.0 0.0 126.596 5.46749 0.13499 -42.8625 0.0 0.0 0.0 0.0 -79.3463 53.1563)
  (121.94 -86.9062 -15.795 49.68 -94.1625 0.0 0.0 0.0 0.0 -52.6163 40.9387 75.8025 29.8013 0.0 0.0 0.0 0.0 0.0 53.1563)
  (122.346 -23.0175 -76.5112 -70.74 123.356 0.0 0.0 0.0 0.0 92.9812 78.7387 -2.39626 86.4338 0.0 0.0 0.0 0.0 0.0 0.0)
  (122.741 -92.9812 -78.7387 2.39626 86.4338 0.0 0.0 0.0 0.0 126.596 5.46749 0.13499 -42.8625 0.0 0.0 0.0 0.0 0.0 32.0625)
  (123.147 -92.6437 -56.0925 -75.8025 48.2625 0.0 0.0 0.0 0.0 30.2062 2.90249 -0.13501 -24.6712 0.0 0.0 0.0 0.0 0.0 0.0)
  (123.553 -92.9812 -78.7387 2.39626 86.4338 0.0 0.0 0.0 0.0 92.9812 78.7387 -2.39626 86.4338 0.0 0.0 0.0 0.0 0.0 0.0)
  (123.96 52.6163 -40.9387 -75.8025 29.8013 0.0 0.0 0.0 0.0 80.19 93.9262 1.48499 -115.087 0.0 0.0 0.0 0.0 0.0 0.0)
  (124.366 -86.9062 -15.795 49.68 -94.1625 0.0 0.0 0.0 0.0 92.6437 56.0925 75.8025 48.2625 0.0 0.0 0.0 0.0 0.0 0.0)
  (124.761 -92.6437 -56.0925 -75.8025 48.2625 0.0 0.0 0.0 0.0 30.2062 2.90249 -0.13501 -24.6712 0.0 0.0 0.0 0.0 0.0 0.0)
  (125.167 -92.9812 -78.7387 2.39626 86.4338 0.0 0.0 0.0 0.0 92.9812 78.7387 -2.39626 86.4338 0.0 0.0 0.0 0.0 0.0 0.0)
  (125.562 52.6163 -40.9387 -75.8025 29.8013 0.0 0.0 0.0 0.0 80.19 93.9262 1.48499 -115.087 0.0 0.0 0.0 0.0 0.0 0.0)
  (125.968 -86.9062 -15.795 49.68 -94.1625 0.0 0.0 0.0 0.0 92.6437 56.0925 75.8025 48.2625 0.0 0.0 0.0 0.0 0.0 0.0)
  (126.375 -53.73 5.09626 -76.4437 21.2288 0.0 0.0 0.0 0.0 23.0175 76.5112 70.74 123.356 0.0 0.0 0.0 0.0 0.0 0.0)
  (126.781 -86.9062 -15.795 49.68 -94.1625 0.0 0.0 0.0 0.0 23.0175 76.5112 70.74 123.356 0.0 0.0 0.0 0.0 0.0 0.0)
  (127.176 -95.2087 -5.12999 0.13501 -42.8625 0.0 0.0 0.0 0.0 50.4562 -10.2263 76.1062 19.9125 0.0 0.0 0.0 0.0 79.3463 0.0)
  (127.582 -30.2062 -2.90249 0.13501 -24.6712 0.0 0.0 0.0 0.0 50.4562 -10.2263 76.1062 19.9125 0.0 0.0 0.0 0.0 0.0 0.0)
  (127.977 -53.73 5.09626 -76.4437 21.2288 0.0 0.0 0.0 0.0 23.0175 76.5112 70.74 123.356 0.0 0.0 0.0 0.0 0.0 0.0)
  (128.383 -86.9062 -15.795 49.68 -94.1625 0.0 0.0 0.0 0.0 23.0175 76.5112 70.74 123.356 0.0 0.0 0.0 0.0 0.0 0.0)
  (128.789 -95.2087 -5.12999 0.13501 -42.8625 0.0 0.0 0.0 0.0 50.4562 -10.2263 76.1062 19.9125 0.0 0.0 0.0 0.0 79.3463 0.0)
  (129.196 -30.2062 -2.90249 0.13501 -24.6712 0.0 0.0 0.0 0.0 50.4562 -10.2263 76.1062 19.9125 0.0 0.0 0.0 0.0 0.0 0.0)
  (129.614 -80.19 -93.9262 -1.48499 -115.087 0.0 0.0 0.0 0.0 92.9812 75.87 -2.39626 -50.8275 0.0 0.0 0.0 0.0 -44.685 0.0)
  (130.009 -23.0175 -76.5112 -70.74 123.356 0.0 0.0 0.0 0.0 50.4562 -10.2263 76.1062 19.9125 0.0 0.0 0.0 0.0 79.3463 0.0)
  (130.403 -92.9812 -79.0425 2.09251 -4.11749 0.0 0.0 0.0 0.0 67.7025 2.90249 -0.13501 -24.3337 0.0 0.0 0.0 0.0 0.0 0.0)
  (130.81 -92.9812 -78.7387 2.39626 86.4338 0.0 0.0 0.0 0.0 92.9812 75.87 -2.39626 -50.8275 0.0 0.0 0.0 0.0 79.3463 32.0625)
  (131.228 -80.19 -93.9262 -1.48499 -115.087 0.0 0.0 0.0 0.0 92.9812 75.87 -2.39626 -50.8275 0.0 0.0 0.0 0.0 -44.685 0.0)
  (131.634 -23.0175 -76.5112 -70.74 123.356 0.0 0.0 0.0 0.0 50.4562 -10.2263 76.1062 19.9125 0.0 0.0 0.0 0.0 79.3463 0.0)
  (132.029 -92.9812 -79.0425 2.09251 -4.11749 0.0 0.0 0.0 0.0 67.7025 2.90249 -0.13501 -24.3337 0.0 0.0 0.0 0.0 0.0 0.0)
  (132.4 -92.9812 -78.7387 2.39626 86.4338 0.0 0.0 0.0 0.0 92.9812 75.87 -2.39626 -50.8275 0.0 0.0 0.0 0.0 79.3463 32.0625)
  (134.026 -53.73 5.09626 -76.4437 21.2288 0.0 0.0 0.0 0.0 37.395 16.0987 -54.2025 -93.8587 0.0 0.0 0.0 0.0 0.0 0.0)
  (134.026 -53.73 5.09626 -76.4437 21.2288 0.0 0.0 0.0 0.0 37.395 16.0987 -54.2025 -93.8587 0.0 0.0 0.0 0.0 0.0 0.0)
))

(setq beat-times '(0.383 0.801 1.207 1.602 1.985 2.392 2.763 3.158 3.576 3.982 4.389 4.783 5.178 5.573 5.956 6.397 6.769 7.163 7.581 7.976 8.382 8.777 9.195 9.567 9.996 10.391 10.809 11.192 11.61 11.993 12.423 12.806 13.224 13.607 14.025 14.42 14.826 15.221 15.639 16.022 16.44 16.834 17.252 17.636 18.054 18.437 18.855 19.249 19.632 20.05 20.457 20.863 21.269 21.664 22.082 22.465 22.883 23.278 23.661 24.079 24.497 24.88 25.298 25.693 26.099 26.506 26.912 27.307 27.713 28.108 28.526 28.909 29.327 29.722 30.14 30.523 30.941 31.324 31.742 32.136 32.543 32.949 33.355 33.75 34.145 34.551 34.969 35.352 35.747 36.13 36.583 36.966 37.361 37.767 38.185 38.58 38.986 39.393 39.799 40.182 40.588 40.995 41.413 41.796 42.191 42.609 43.015 43.41 43.851 44.246 44.64 45.035 45.43 45.825 46.243 46.637 47.044 47.427 47.856 48.239 48.646 49.041 49.459 49.842 50.26 50.654 51.072 51.467 51.873 52.268 52.686 53.069 53.487 53.87 54.3 54.683 55.089 55.484 55.902 56.285 56.703 57.098 57.516 57.911 58.317 58.712 59.118 59.524 59.931 60.325 60.732 61.127 61.533 61.928 62.346 62.729 63.541 63.959 64.354 64.76 65.144 65.562 65.968 66.374 66.769 67.175 67.547 67.988 68.36 68.778 69.172 69.59 69.985 70.403 70.798 71.204 71.599 72.017 72.411 72.806 73.213 73.63 74.014 74.408 74.78 75.233 75.627 76.022 76.417 76.846 77.241 77.648 78.042 78.46 78.843 79.25 79.644 80.016 80.457 80.852 81.258 81.676 82.071 82.5 82.93 83.325 83.708 84.091 84.486 84.904 85.299 85.682 86.1 86.506 86.901 87.284 87.702 88.12 88.514 88.898 89.316 89.734 90.128 90.535 90.929 91.347 91.73 92.125 92.532 92.949 93.344 93.739 94.145 94.563 94.946 95.341 95.759 96.177 96.572 96.955 97.361 97.779 98.174 98.58 98.975 99.393 99.788 100.206 100.589 101.007 101.39 101.796 102.203 102.597 103.004 103.422 103.816 104.234 104.629 105.024 105.43 105.837 106.231 106.638 107.044 107.45 107.845 108.251 108.658 109.064 109.459 109.854 110.26 110.666 111.073 111.479 111.874 112.28 112.675 113.081 113.488 113.894 114.289 114.695 115.101 115.508 115.902 116.297 116.703 117.121 117.516 117.911 118.317 118.724 119.118 119.525 119.931 120.337 120.732 121.139 121.545 121.94 122.346 122.741 123.147 123.553 123.96 124.366 124.761 125.167 125.562 125.968 126.375 126.781 127.176 127.582 127.977 128.383 128.789 129.196 129.614 130.009 130.403 130.81 131.228 131.634 132.029 132.4 133.201 134.026 134.827 135.639))

(setq smoothness 0.21)

;; 結果を出力
(print "Converted beat-times:")
(print beat-times)
(print "Converted beat-pose-dictionary:")
(print beat-pose-dictionary)




;; ROSパッケージをロード
(ros::load-ros-manifest "std_msgs")

;; ノードの初期化
(ros::roseus "audio_subscriber")

;; 最新のトピックデータを格納するための変数を定義
(defparameter *current-position* 0)

;; std_msgs/Float64メッセージ型を利用してトピックをサブスクライブ
(ros::subscribe "/audio/current_position" std_msgs::float64
  #'(lambda (msg)
      (setf *current-position* (send msg :data))))

;;実機とつなぐかどうか
(setq *use-robot* t)
; (setq *use-robot* nil)



;;実機の初期設定
(when *use-robot*
  (load "package://jedy_bringup/euslisp/jedy-interface.l")
  (jedy-init)

  (send *ri* :send-stretch
	:names '("rarm_joint0" "rarm_joint1" "rarm_joint2" "rarm_joint3"
		 "rarm_joint4" "rarm_joint5" "rarm_joint6" "rarm_gripper_joint"
		 "larm_joint0" "larm_joint1" "larm_joint2" "larm_joint3"
		 "larm_joint4" "larm_joint5" "larm_joint6" "larm_gripper_joint"
		 "head_joint0" "head_joint1" "front_right_wheel_joint"
		 "front_left_wheel_joint" "rear_right_wheel_joint"
		 "rear_left_wheel_joint")
	:value '(64 64 64 64 127 127 127 127 127 127 127 127 127 127 127 127))

  (send (send *ri* :read-stretch) :slots)

  (send *ri* :servo-on)
  )


(ros::ros-info "~A" beat-pose-dictionary)


(defun set-current-index (current-position beat-times)
  ; (ros::ros-info "run function : set-current-index")
  (let ((current-index 0))
    (dolist (beat-time beat-times)
      (unless (numberp beat-time)
        (ros::ros-info "beat-time is ~A so it is invalid" beat-time)
        (return-from set-current-index nil))
      (when (> beat-time current-position)
        ; (ros::ros-info "current-index: ~A | current-beat: ~A" current-index beat-time)
        ; ;; 戻り値の型をログに明示
        ; (ros::ros-info "Returning: ~A" (list current-index beat-time))
        (return-from set-current-index (list current-index beat-time))
      )
      (incf current-index))
    nil))

(defun get-next-info (current-position beat-pose-dictionary current-index current-beat smoothness)
  "Returns the information for the next beat if the current position is close to the current beat."
  (let* ((current-beat-and-pose (nth current-index beat-pose-dictionary)) ;; 現在のビート情報
         (tolerance 0.1)) ;; 許容誤差（例: 100ms）
    
    ; ; 変数の状態を出力
    ; (format t "DEBUG: current-position=~A, current-beat=~A, current-index=~A~%"
    ;         current-position current-beat current-index)
    
    ;; 近いビートがあるかどうかを確認
    (if (or (<= (abs (- current-position current-beat)) tolerance) ;; 最初のビートも許容
            (= current-index 0))                                 ;; 最初のビートを強制的に処理
        (progn
          (format t "DEBUG: Close enough or first beat - checking next beat~%")
          ; (let ((next-index (1+ current-index))) ;; 次のインデックスを計算
          (let ((next-index (+ 1 current-index))) ;; 次のインデックスを計算

            ;; 次のインデックスが範囲内か確認
            (if (< next-index (length beat-pose-dictionary))
                (let* ((next-beat-and-pose (nth next-index beat-pose-dictionary)) ;; 次のビート情報
                       (next-time (car next-beat-and-pose))                        ;; 次のビート時刻
                       (next-pose (cdr next-beat-and-pose)))                       ;; 次のビートのポーズ
                  ;; 結果を計算して返す
                  (format t "DEBUG: Found next beat at index ~A: next-time=~A, next-pose=~A~%"
                          next-index next-time next-pose)
                  (list (* smoothness (- next-time current-position)) next-time next-pose next-index))
                ;; 次のインデックスが範囲外の場合のログ
                (progn
                  ; (format t "DEBUG: Next index (~A) is out of range~%" next-index)
                  (return-from get-next-info nil)))))

      ;; 近いビートがない場合のログ
      ; (format t "DEBUG: No beat is close enough: current-position=~A, current-beat=~A~%"
      ;         current-position current-beat)
      (return-from get-next-info nil))))

                                         
        
;; 直後のビートのインデックスを保持
(setq current-index 0)

;; 実行部分、進行状況をインデックスで管理
(ros::rate 30)

(do-until-key

  (ros::spin-once)  ;; コールバックを処理
  (if *current-position*  ;;この条件が満たされた時のみ以下全体の処理を行う
    (progn
      ; (format t "*current-position*: ~A seconds~%" *current-position*)
      ; (ros::ros-info "got valid current-position")    
      (let* ((current-index-and-beat  (set-current-index *current-position* beat-times))
            (current-index  (car current-index-and-beat))
            (current-beat (first (cdr current-index-and-beat))))
        ; (ros::ros-info "current-index: ~A" current-index)

        ;;次のビートの情報を取得
        (setq next-info-list (get-next-info *current-position* beat-pose-dictionary current-index current-beat smoothness))
        (if next-info-list
            (let ((time-diff (nth 0 next-info-list))
                  (next-beat (nth 1 next-info-list))
                  (pose (remove-if #'null (nth 2 next-info-list)));; なぜか含まれるnilを取り除く
                  (next-index (nth 3 next-info-list)))  ;; 新しいインデックス

              ; (ros::ros-info "*current-position*: ~A seconds" *current-position*)

              ; 次のビートの情報とポーズを送信
              (ros::ros-info "next-index: ~A | next-beat: ~A | seconds pose:~A " next-index next-beat pose)
              (ros::ros-info "time-diff: ~A" time-diff)
              (when *use-robot* (send *jedy* :angle-vector pose))

              ;; 時刻差に応じて補間(* 1000 time-diff)、wait-interpolation
              (when *use-robot*
                ; (ros::ros-info "before-move: ~A seconds" (- (send (ros::time-now) :to-sec) (send start-time :to-sec)))
                (send *ri* :angle-vector (send *jedy* :angle-vector) time-diff :default-controller 0 :min-time 0.1)
                ;; (ros::ros-info "after-move: ~A seconds" (- (send (ros::time-now) :to-sec) (send start-time :to-sec)))
                (send *ri* :wait-interpolation)
                ;; (ros::ros-info "after-wait: ~A seconds" (- (send (ros::time-now) :to-sec) (send start-time :to-sec)))
              )
    
                ; 終了待機状態
              (ros::ros-info "Waiting for key press...")
            )
            (progn
              (ros::ros-info "get *current-position* sucssesfully but not found beat within 0.05 s")
              (ros::ros-info "*current-position* :~A seconds" *current-position*)
            )
        )
      )
    )
    (ros::ros-info "not found *current-position*")
  )
  (ros::sleep)
)

;; プログラムの終了を防ぐためにループを維持
(ros::rate 10 (do-until-key
                 (ros::spin-once)))